1	18467	72
20	19169	69
38	29358	96
24	5705	67
1	16827	63
11	2995	24
27	5436	71
4	3902	52
12	12382	49
36	19718	99
7	21726	25
18	1869	15
27	26299	67
14	28703	76
2	30333	99
24	15141	35
13	6868	95
4	32662	33
37	12859	37
21	27529	71
36	3035	71
2	288	8
0	8942	74
8	27446	70
10	6729	29
30	15006	94
33	3548	35
23	24084	57
36	11840	17
16	13931	48
24	32439	83
3	5537	25
38	2082	2
21	4833	7
39	29658	80
10	13977	84
33	22386	72
25	26924	84
30	5829	12
13	5097	49
26	13290	71
36	22355	22
15	15574	92
12	27350	39
21	21724	28
30	31107	93
7	11337	4
7	27753	81
25	8909	91
38	24221	4
22	24946	34
30	16413	80
20	32591	77
15	17410	97
24	20537	35
3	27595	1
2	24350	90
36	9374	11
36	24021	78
39	19668	42
1	4734	53
39	26418	62
20	3788	48
27	3728	46
8	22483	31
21	14310	52
13	9514	68
16	18935	79
0	5249	56
36	22798	3
24	11008	87
9	14989	79
35	20485	63
23	30523	72
34	9503	75
0	13458	53
20	19796	52
1	19589	93
9	27157	70
22	18538	71
38	24179	10
17	7958	30
15	22888	67
31	16202	8
32	20055	27
6	26362	38
35	28433	74
22	23844	2
1	31998	20
11	10021	43
37	28476	16
29	5075	6
0	2510	96
29	17861	43
1	9789	4
23	5002	81
22	10285	20
26	28617	22
32	30932	28
34	25721	19
16	31329	45
12	21425	51
34	16549	68
32	30145	82
38	3753	80
23	16279	39
7	12529	26
37	19866	21
33	23195	65
16	28286	46
8	16282	32
14	18114	86
36	20671	29
23	4313	14
25	20053	3
8	1832	38
33	27756	41
38	23646	5
1	4144	67
22	7129	40
15	20450	63
26	12044	45
12	26439	83
24	26154	18
25	20649	56
33	4474	45
8	14018	1
25	17958	18
2	3625	15
14	9314	69
14	25874	31
39	11833	93
7	28297	44
17	17773	51
3	2668	22
25	3102	97
13	7627	55
19	30527	100
23	1924	14
12	13061	41
3	27432	32
33	22725	2
12	142	52
6	13064	22
27	8360	92
14	14270	82
35	30833	16
0	18896	21
5	12550	39
14	2695	10
19	2125	13
14	22658	42
11	22466	32
33	23851	32
18	28464	10
32	2800	8
20	1926	21
37	32170	14
16	30227	24
38	7164	59
2	17086	73
7	29577	31
25	25627	74
8	25423	38
22	14962	22
36	3737	30
35	32525	52
20	6202	36
30	20326	24
11	6411	95
33	21520	96
4	30188	48
20	20851	78
29	30900	38
38	17578	83
7	11477	89
18	6439	81
0	19357	1
37	5108	4
7	19801	24
20	22428	65
24	19405	76
31	28704	8
36	6072	60
23	14485	53
16	1626	65
6	13357	47
31	23869	71
16	13022	24
32	12717	11
25	24041	82
9	24229	20
39	8932	76
15	12053	95
24	29734	89
12	21457	27
12	2963	82
3	911	20
27	22848	29
18	2223	23
34	6511	16
15	21459	49
21	17870	10
14	15205	69
10	17398	59
21	12193	8
37	26534	1
33	10176	51
2	10548	24
20	14413	77
15	24855	12
22	27611	72
24	32678	35
3	28296	48
0	9313	67
32	12818	4
17	14932	34
15	13169	96
0	26488	1
10	19497	64
30	15145	62
34	18651	76
4	11258	32
39	11192	30
24	12181	21
29	23775	4
12	5997	76
36	25561	14
27	29541	71
0	27813	86
1	6077	15
3	8213	55
24	5601	61
39	2670	67
27	4084	76
26	15498	23
7	23847	82
23	21221	39
26	2363	21
11	27489	60
4	25542	44
33	7591	38
18	9232	43
5	4975	24
23	11422	90
7	13584	13
11	17864	87
35	21545	28
26	18678	52
22	8519	47
9	15944	37
20	23245	56
38	27870	6
3	21132	30
32	25087	88
3	29901	34
23	3527	86
9	14015	10
28	21543	97
8	2943	12
9	26463	100
1	1588	30
8	32060	11
38	29954	82
26	690	71
3	21430	67
28	27067	92
23	18035	7
25	7038	56
29	11224	93
3	3359	38
6	4944	7
38	32726	60
25	20355	95
29	9496	0
35	17964	11
35	17913	83
36	21948	24
26	14606	14
29	32404	39
26	29812	84
13	16565	78
16	29141	9
34	8256	87
16	30838	80
35	21015	20
30	17841	81
11	32637	45
10	1650	6
34	10893	51
16	13452	70
22	22233	0
23	16634	43
16	148	14
37	4213	41
28	29200	72
38	16858	12
35	31361	13
23	3676	50
29	14902	26
9	24948	70
13	30674	99
2	6923	94
9	3878	59
8	22619	34
3	21945	85
24	12392	62
33	6698	34
2	5938	49
10	31461	73
28	9961	20
13	1515	19
17	28869	58
20	13971	4
37	16215	12
15	18330	9
12	29288	4
34	16085	5
4	24774	98
15	25951	77
35	1679	41
18	23073	81
17	18132	60
9	26113	9
21	15790	6
3	28	35
18	7200	21
5	21974	61
13	22867	95
15	32168	19
36	15629	67
38	3309	47
6	30080	16
9	26667	13
39	7864	30
5	8826	49
36	27726	83
7	27681	67
20	5686	62
22	14721	4
29	20415	25
33	17124	4
25	31762	42
11	4806	47
38	5602	92
27	23481	2
16	26630	76
9	4084	23
10	21293	100
32	1054	95
28	248	17
32	5131	16
39	7958	78
24	6995	42
29	7479	58
23	27918	59
19	32498	4
36	7462	70
38	12022	35
32	13037	87
7	29458	37
7	4098	55
12	14600	6
39	18352	46
2	540	35
15	8762	73
16	18397	7
17	25828	14
16	24230	5
5	658	27
0	10940	68
27	25162	39
35	792	40
34	16398	17
34	26946	79
9	8638	90
35	24515	7
35	15615	25
34	12570	97
24	19557	76
1	30524	25
29	330	7
30	14333	99
30	19737	75
17	1278	71
36	30714	86
31	19949	46
25	13337	5
17	2623	81
10	25608	66
1	7085	62
13	28652	13
36	23826	15
12	6249	96
14	18819	34
11	1941	89
19	5565	68
25	16216	39
15	2609	55
6	16893	15
29	30300	0
13	15589	31
12	17968	88
31	26268	34
30	10422	70
19	30910	19
22	25391	42
4	874	51
22	28255	16
34	6972	56
2	25547	64
29	25605	97
34	7950	82
34	2481	2
32	23439	96
32	9762	8
8	4415	90
23	11759	73
4	29486	77
38	5945	41
6	18700	55
12	21787	50
36	30974	13
21	18283	63
11	2376	0
28	12723	4
18	14776	29
31	32182	20
10	8925	82
6	19677	11
3	7534	22
28	31068	74
36	7783	62
7	29426	14
17	17612	18
27	11408	91
28	7185	39
37	26443	2
21	8850	80
31	23650	71
32	1454	12
1	27465	67
33	19793	50
32	20972	4
21	28442	26
37	25770	96
4	1381	26
23	2237	44
19	16595	70
7	12042	0
22	11058	48
7	1670	6
11	2258	42
20	25783	76
22	8610	28
8	18434	84
38	3503	20
25	10938	63
17	22750	31
38	28458	35
23	32756	1
38	19489	43
5	32075	11
26	7833	78
10	26048	40
12	12433	4
6	1735	14
39	11837	76
22	7328	62
9	31244	79
8	9252	32
32	9535	37
24	3497	13
9	22015	76
29	16100	16
8	9523	55
34	28633	96
0	19854	92
17	4919	4
18	12931	22
20	13487	91
5	8483	84
12	6193	73
11	1560	78
0	31497	58
9	31540	19
31	13392	80
29	21578	12
11	9277	73
33	1620	85
26	31276	95
22	13578	49
18	26489	58
9	12924	83
20	27008	91
8	6477	20
10	32607	56
34	13722	87
19	28761	47
10	31163	18
36	19932	0
21	4954	46
22	10396	7
15	10904	74
16	4680	7
32	14387	62
0	3517	38
30	241	96
9	3523	44
25	29621	26
16	9916	23
18	13579	10
17	12750	69
9	24081	66
38	24676	79
19	11784	11
13	13608	11
3	29929	40
8	5055	81
13	8922	82
11	10986	23
6	31577	55
29	29916	16
31	15469	86
26	30693	1
15	26949	92
0	26052	34
31	9487	17
2	16955	54
34	30180	38
25	27065	89
21	12578	70
38	14140	66
27	2445	69
15	13489	5
29	3333	28
14	17282	40
32	8896	5
2	4882	96
1	7231	66
25	6479	59
18	31351	55
8	9646	56
39	30189	21
26	8486	21
28	29614	12
13	11777	38
23	10861	9
2	12455	57
26	8752	65
16	26281	64
15	15947	56
38	9135	64
14	29859	51
34	9253	54
35	1643	2
33	13232	0
0	19926	24
10	14801	14
39	20855	2
36	10573	49
5	6473	95
30	24353	70
7	2699	31
3	17465	1
9	9981	92
36	4381	66
10	16671	18
12	30032	50
0	23165	79
18	11293	36
18	16948	85
11	18166	63
17	31020	60
9	14788	11
24	11969	92
17	4015	62
4	9168	29
8	12097	40
30	15199	69
6	19199	98
30	18271	57
15	6085	15
20	1331	96
27	13444	57
27	4360	51
34	26431	82
31	10268	47
5	337	1
4	12677	2
8	29022	21
0	542	64
38	21388	83
9	31647	50
13	16584	79
1	20493	36
21	17482	56
25	10753	86
4	19095	92
21	3964	66
32	8106	20
23	22593	12
0	14868	100
33	20968	19
16	12079	84
0	31531	5
19	20663	38
13	27936	75
5	11874	44
35	25680	88
15	5725	31
8	13559	66
2	17832	27
0	7375	49
5	21962	72
36	10797	94
28	10080	88
36	9058	82
20	8546	72
13	19097	93
15	11072	69
27	22955	62
21	23588	58
8	28315	4
25	1009	95
16	11455	77
3	742	21
2	24512	57
18	27368	83
34	17650	59
15	12759	38
15	5303	16
19	24199	17
31	18661	96
12	8753	96
29	15987	73
13	20083	7
14	32718	23
23	7229	48
24	4769	69
5	21047	79
7	24326	44
3	6540	3
30	32588	66
31	17945	32
30	20183	56
35	4978	34
6	13262	36
7	27196	46
8	12935	84
33	14790	15
5	11001	16
7	24567	43
14	32671	43
38	3545	63
18	8838	98
12	8563	20
24	28801	78
10	7604	89
27	11197	58
11	20363	11
3	7721	30
21	23445	26
15	16741	74
12	29151	88
15	3393	52
39	19882	93
14	3822	84
5	1338	43
10	31339	25
4	4623	5
38	21724	65
10	29733	44
34	29130	60
27	29445	19
16	5750	87
18	21963	57
17	32209	16
24	1908	73
34	31920	1
13	3855	68
1	31056	33
24	7075	1
39	6741	31
4	12779	58
3	20667	31
5	24118	11
28	32119	74
17	14091	53
35	16060	85
33	3432	15
20	14875	49
24	28074	33
30	20476	44
31	8329	29
14	23072	56
29	15787	79
39	14893	23
23	10681	47
5	24176	97
15	6139	47
38	21083	5
35	27621	97
26	15722	2
28	12581	58
18	11891	13
23	24834	2
29	2702	21
22	25141	82
26	15891	94
13	11400	91
10	13162	47
6	19410	81
22	26260	20
25	13874	37
2	32195	43
0	6038	4
11	28245	74
25	26867	59
22	13063	34
22	29617	9
23	17226	95
8	21051	55
36	9458	10
16	9405	17
2	26819	97
36	7531	84
4	30591	38
28	18915	77
39	6272	36
23	10133	58
2	23569	19
34	12078	50
17	25333	85
10	10103	3
33	10722	31
11	18990	38
1	23258	59
32	9658	75
22	32683	2
2	15568	79
15	6135	30
1	16742	75
19	23188	79
2	31357	4
7	7469	84
20	31913	16
30	20061	34
33	27504	69
23	28102	60
34	3529	40
34	19149	94
4	10844	20
38	24065	2
32	28773	88
11	6747	37
29	14398	95
23	27352	25
13	13043	79
8	1563	79
10	17022	69
31	9492	96
20	15477	43
36	19178	69
15	22348	33
19	31635	91
3	1662	15
22	19420	75
22	9273	86
6	28888	79
37	1892	63
27	11749	65
29	6932	66
1	2003	42
28	18631	45
32	18630	83
24	6407	74
28	29681	7
10	26177	64
36	6459	39
0	27633	70
13	22630	74
33	28782	85
21	8290	68
27	20997	43
23	8890	52
0	28703	11
3	23661	35
5	20386	28
5	19601	74
9	1497	13
10	18058	38
15	30581	22
31	4287	22
24	24979	17
20	530	37
38	205	66
28	24459	7
38	3760	30
15	10481	11
7	18493	13
1	7746	34
30	20538	64
35	24917	9
0	5752	22
33	32255	78
6	2401	4
39	10393	46
33	18792	33
13	30137	34
10	28211	59
28	32627	24
29	15248	41
7	11149	25
29	30875	45
9	25436	56
3	1443	14
34	22861	91
25	23967	9
33	16704	71
33	30308	44
4	30792	43
8	32469	93
11	19814	31
27	23743	89
39	16474	24
26	5158	15
18	27809	12
7	40	81
4	17975	26
9	2503	69
12	6840	46
36	25395	58
26	17651	0
27	20083	77
30	31250	1
35	11381	50
22	24277	57
24	3565	34
32	30885	86
6	20889	14
3	24925	55
20	5045	73
21	13855	96
7	24773	86
11	22675	4
14	21001	10
30	5974	15
36	1071	63
15	32145	11
25	18718	39
32	13037	49
25	7162	0
12	19539	70
26	19103	32
35	839	2
29	2645	61
39	19645	31
35	21862	55
13	2480	27
17	3542	15
3	23277	65
14	1401	89
22	20169	31
38	17939	29
1	31426	58
37	21575	58
21	27700	83
22	16002	66
15	684	79
17	9507	55
4	2944	60
21	7058	100
28	10677	18
17	23041	3
24	1623	47
32	17929	33
35	17615	12
37	27759	94
12	5093	1
29	12448	76
38	16224	22
34	18133	59
38	12170	95
29	5084	92
38	6923	17
0	23024	53
25	9412	9
7	15407	72
24	704	44
34	10891	15
5	27734	41
22	17998	68
18	15621	23
37	21376	14
29	18108	100
13	26068	3
22	2438	76
19	14318	68
24	16339	31
8	4632	66
14	13787	68
34	25020	20
34	1988	68
38	13642	14
1	30104	8
16	18509	38
28	19761	69
6	14804	24
22	18842	90
1	31620	0
18	1187	12
23	4591	76
15	656	67
12	28411	41
11	18738	38
4	5507	28
24	10951	73
9	24958	89
30	17013	11
15	21060	23
32	25402	53
23	7373	4
11	15275	15
12	10761	15
23	32729	38
12	2451	76
32	22570	86
32	23407	72
25	28440	82
22	21409	24
38	4360	17
11	20654	51
34	14523	19
9	6766	10
36	26632	97
19	20666	38
3	8160	80
25	27091	47
26	31687	84
2	28317	27
36	13388	0
34	30466	16
0	26919	78
18	21267	21
18	24314	59
13	24007	6
16	9722	46
7	15463	0
27	13793	47
37	23043	66
34	16626	48
14	20620	31
32	8964	65
26	14693	61
15	13000	92
20	7551	24
19	10943	0
29	361	73
32	11434	95
1	25563	61
26	23888	7
37	1430	73
24	4074	3
37	1981	68
11	16292	17
32	27123	98
31	31461	60
18	17369	20
0	14179	79
37	19914	80
1	5936	51
28	31453	33
13	17981	90
9	6816	65
7	5385	21
30	17157	98
7	8310	48
7	13171	43
5	32764	77
31	2047	57
32	27311	34
5	53	0
20	22740	7
35	24320	35
17	10998	22
4	4489	37
24	8388	47
38	26919	79
7	14609	41
39	22716	38
36	16853	45
30	24593	1
9	14854	32
0	12294	35
13	146	88
31	10428	55
1	29421	64
6	12033	21
30	25329	42
20	2208	94
2	32506	10
19	1897	9
18	14469	79
20	22795	95
33	13509	14
37	26134	36
15	12258	68
3	21693	3
31	18140	85
17	5174	88
17	9551	69
17	23492	82
37	27530	7
16	21710	69
28	5809	1
24	18840	1
9	6120	22
12	14962	74
7	26807	64
25	14713	42
33	6693	70
3	28995	87
21	26946	13
8	21768	61
31	7954	94
7	14633	61
22	15127	4
17	2340	42
20	28400	94
36	3154	27
30	5831	85
17	15623	45
7	28029	12
11	11754	14
13	3293	10
25	26528	40
0	10555	27
30	7452	83
31	13640	46
0	7986	49
8	1539	81
36	10312	91
12	30731	50
24	32557	7
36	20170	97
22	7301	62
19	23332	56
11	75	98
10	15026	27
18	19801	29
3	441	47
15	7918	23
3	12628	67
8	28854	28
19	18569	60
39	27577	62
2	23115	62
3	2872	57
3	11153	91
35	25197	64
28	17411	55
25	26781	71
10	24828	87
25	8965	45
9	11715	53
5	23684	87
25	21840	25
5	26900	60
34	16633	48
28	18281	54
16	29910	65
22	23901	85
35	17860	50
7	7137	61
8	28233	56
11	7603	56
11	7879	27
32	24593	25
1	23234	57
6	5906	40
3	6188	28
39	26484	73
13	30435	94
14	3582	80
27	22005	36
6	16589	37
37	22850	74
18	28956	54
3	28042	38
11	5225	34
35	21016	52
4	21006	88
1	30335	92
5	28313	46
32	24618	75
36	8339	78
14	7846	76
2	12911	19
15	26358	82
30	990	35
7	3413	20
16	12472	8
1	4641	91
5	28213	58
9	8695	52
34	7993	9
27	4640	31
1	18125	10
20	23000	59
21	27692	43
37	7717	1
23	17893	34
11	26925	91
18	10748	22
12	26444	49
23	24353	17
27	21346	18
21	3904	37
11	26886	43
19	22056	12
27	3751	100
31	18166	61
6	17093	56
21	22912	100
19	32444	1
1	3328	96
24	1768	74
1	16296	51
0	21244	42
25	21219	10
14	10984	56
29	17014	39
23	5032	14
17	26814	81
11	1219	50
37	21683	2
24	27252	51
29	26248	17
37	424	39
27	28148	77
22	29271	96
13	20877	4
24	484	14
15	26811	81
12	6798	71
19	14890	9
34	1549	38
34	20173	31
18	26865	67
38	19911	21
23	6508	0
8	12245	70
0	10106	81
8	6421	7
37	9647	33
38	24122	48
26	18706	89
36	30345	29
3	7118	38
17	11836	87
6	4510	58
11	25880	69
23	7741	34
18	4949	91
34	19785	36
24	17204	76
37	6227	50
22	14286	76
18	8979	100
9	10758	57
15	28410	63
9	27296	32
32	20122	5
32	25836	97
33	13976	65
5	32652	34
37	19751	14
35	16693	23
36	6716	78
31	32125	21
16	18939	30
16	12826	75
38	24588	2
26	14108	83
28	21979	81
29	1280	14
8	14062	23
39	10677	3
7	13785	1
6	8684	37
9	14709	80
21	15945	32
16	21860	34
15	5190	21
9	21005	8
28	18675	13
17	10130	5
35	22482	3
0	27754	87
8	25215	90
30	940	24
37	9707	71
24	8237	82
19	30792	20
12	18682	55
31	16129	68
33	16600	49
3	11857	80
30	21968	95
1	27732	14
4	32499	78
29	28583	67
12	7640	68
12	13810	63
35	1663	10
17	18677	47
14	27553	40
38	2286	71
14	18075	98
32	26984	21
32	6504	37
15	18913	58
33	20084	21
2	26053	5
22	19750	26
37	4006	83
37	27505	47
37	6599	10
18	985	35
4	592	40
36	29855	83
18	17342	86
35	30742	40
26	6767	3
33	28505	7
9	13924	58
25	12239	47
9	15492	36
15	31036	33
7	15618	66
7	15712	20
29	27841	31
10	9034	37
6	3523	62
24	32736	19
16	5893	30
11	10844	52
5	26200	46
5	28325	49
28	10006	33
8	14541	23
16	11980	9
30	15384	63
8	27936	43
20	7523	3
11	16040	48
24	23483	51
21	2670	38
26	9088	26
27	8266	100
38	14199	49
35	25191	1
32	30858	88
37	28290	28
27	8234	67
22	19402	58
26	19095	0
34	10350	41
39	17776	67
39	32301	56
36	3164	85
10	6038	72
24	16561	1
0	30643	40
21	2647	81
8	9290	80
19	32618	7
7	22284	4
17	15675	29
29	13371	59
19	6336	99
21	26034	50
38	1436	88
17	28504	51
2	23105	26
32	20065	93
1	15579	34
7	1771	3
22	6140	71
8	15319	34
33	18259	45
31	23283	21
38	3012	53
39	23501	80
13	5059	40
9	6595	40
21	20416	25
12	565	95
18	13310	60
15	13787	55
22	16439	70
8	26804	59
8	31441	85
28	19974	87
17	20633	9
25	18018	8
14	19252	38
36	25524	98
21	8144	21
14	15296	59
27	1205	99
11	31641	32
31	22471	98
20	20217	97
23	14624	96
25	1157	91
26	9275	29
32	29789	87
25	6003	22
21	8326	65
24	19649	50
5	24346	15
10	14336	48
33	11323	78
16	15896	79
16	5692	6
10	13795	15
30	8315	37
1	3760	86
9	2534	91
2	16806	17
24	10790	3
22	19066	88
28	9425	72
10	6450	85
21	5193	71
34	4593	48
0	5638	18
20	4345	16
25	24696	28
30	22632	90
39	20183	81
9	6753	74
13	10600	71
25	19861	30
38	28963	36
27	29554	65
17	11211	78
24	15966	38
22	10698	29
35	27587	6
38	4464	26
30	30946	58
20	13165	88
20	27297	63
24	23194	60
30	32715	82
6	32106	93
16	8833	36
27	415	80
15	6354	16
39	13079	11
1	7592	85
37	13509	67
31	658	83
19	7997	91
19	4120	7
36	16984	64
35	23953	93
21	10199	53
8	6844	71
1	4879	100
7	5259	52
9	24075	49
4	27607	99
4	20128	3
25	20481	99
29	24168	6
27	26793	72
25	1697	37
35	16641	20
13	32097	73
16	19555	80
34	930	51
24	20279	65
30	31754	14
16	26701	63
6	4231	7
15	30260	11
18	16657	42
38	28981	95
2	24618	11
31	24061	50
21	20990	6
32	1563	92
22	26928	17
18	31447	37
6	2222	0
34	23577	17
3	21547	9
5	16464	9
17	16653	100
10	15255	52
18	22512	63
38	13201	41
36	31506	79
4	15023	71
32	8250	42
31	26850	5
8	11520	43
23	24798	16
8	6784	46
27	14462	63
18	16859	84
16	8172	6
1	17683	29
15	13976	33
18	39	74
5	19997	58
9	23675	8
27	15020	71
2	21735	69
13	3480	54
17	786	99
25	522	64
19	16085	58
15	19735	78
26	16096	44
5	14752	16
20	21982	71
8	19919	66
32	27065	88
38	31496	25
11	10976	73
1	23202	74
22	28564	27
12	2257	47
0	31654	68
0	7298	60
0	30510	99
27	22033	59
16	30499	100
30	14376	47
32	20703	36
7	9515	9
15	3566	74
26	8437	8
26	18364	75
25	18908	39
0	2814	45
12	19752	5
26	12525	27
9	23179	49
33	28838	96
21	14145	32
9	21839	68
5	23762	81
1	21970	18
13	22708	44
35	4429	59
9	14663	55
21	16259	47
12	2514	58
28	18170	90
39	655	12
4	12936	17
6	29427	11
3	32371	97
33	23461	52
14	31102	34
17	31463	93
6	20595	81
13	2406	100
19	23305	74
33	24223	4
39	30519	66
33	31585	53
11	15444	38
31	24087	21
39	8596	59
32	22492	7
17	27590	12
37	10886	32
25	25686	2
19	22313	11
28	4101	65
29	456	65
18	26074	83
3	31274	85
24	30511	1
2	8971	58
15	8174	89
23	26658	24
2	16983	70
23	2232	60
30	21480	36
25	32702	32
18	10557	7
0	5028	22
33	3332	64
22	26467	8
38	21074	48
14	4983	53
24	19714	82
30	10425	96
3	31467	35
31	22619	52
38	16128	51
0	9079	74
6	27587	51
6	14825	51
38	3220	36
34	25456	8
36	30134	27
31	16208	67
14	12589	51
16	9694	50
29	29372	46
21	21702	99
3	26539	5
27	6637	5
16	1827	19
23	14899	92
15	3644	83
29	10378	63
18	7952	49
17	5915	61
16	7288	59
34	20333	77
16	25656	65
16	24524	9
2	1984	24
9	23396	48
22	10202	90
16	30665	8
39	12755	4
4	3554	51
24	31999	41
1	15733	2
37	15793	57
20	31175	85
25	32501	9
8	27395	17
0	26291	72
9	9072	71
33	8	33
2	30876	88
16	13803	82
32	12289	83
19	7299	0
22	27602	6
14	12729	38
38	12274	75
23	28134	45
28	16453	9
27	25518	52
37	20695	49
21	23144	85
1	21907	11
32	20645	57
12	628	57
11	15535	79
29	3716	100
36	16158	55
20	23296	29
0	24526	44
23	3445	72
11	26588	36
24	18104	71
33	2942	36
23	14852	71
11	27842	38
29	20135	56
26	7328	19
4	31741	42
21	12779	14
3	692	28
32	26099	0
7	22405	39
9	29959	5
19	21228	7
31	21778	69
16	22148	53
25	16125	39
18	25616	72
15	6064	66
32	27479	100
2	3005	53
13	11105	14
12	15638	57
24	14518	16
32	17508	59
38	23978	14
5	4059	30
24	27362	24
9	26518	4
38	32143	33
3	9190	67
26	3603	36
20	31768	19
27	5396	21
30	21665	94
0	3617	85
26	10668	85
19	26224	53
20	12158	94
27	19312	27
12	5169	70
10	8211	46
10	1711	44
30	28960	71
7	21754	83
17	24565	46
8	10273	88
19	30837	96
29	11886	94
9	4640	49
39	29881	13
20	1411	52
13	21984	34
39	30336	43
30	21457	85
5	2334	52
14	28592	61
39	23017	23
13	16117	28
0	21505	52
31	6562	41
14	20072	24
16	25050	2
25	1852	42
1	8061	82
19	28366	57
39	2718	17
28	3554	33
32	13799	3
15	31098	65
36	26182	41
36	3059	22
23	22399	24
37	20070	20
22	17780	40
6	28295	11
3	8252	63
35	7285	47
38	25960	0
29	2364	24
26	17157	10
1	18938	79
16	31033	49
8	27873	39
29	30096	80
1	25739	29
3	28499	66
9	25442	21
10	28287	83
9	9223	73
27	12083	67
38	15606	71
23	20920	85
38	19685	34
29	19298	66
30	23175	57
3	9988	44
26	32190	94
29	25519	100
37	8545	38
38	14058	37
31	13341	92
20	13232	50
16	17438	60
20	27085	65
4	5253	22
5	2426	76
16	3281	39
29	1348	88
39	16835	38
17	8351	47
17	5233	69
16	25529	56
4	20342	4
0	7528	10
34	4999	82
0	581	89
21	7131	94
19	9299	22
19	14363	14
6	201	61
3	7389	30
24	18895	61
10	11483	33
32	28752	12
13	27740	75
28	22070	77
30	15756	59
34	2980	44
38	8124	49
31	6667	2
8	17590	92
20	13870	61
12	14000	86
35	20084	88
31	20106	71
4	23826	74
6	11592	41
38	15865	43
27	7446	65
12	5771	46
30	32057	61
10	12670	15
5	31148	16
14	7043	36
16	6763	18
18	23934	29
21	32655	78
14	30582	39
2	14024	94
15	19337	24
20	19424	7
17	2695	42
29	22851	94
34	31744	92
35	16071	26
4	14819	82
35	5158	41
5	15374	66
36	14820	31
6	27222	30
33	26271	87
29	27625	50
8	2039	12
34	8490	55
14	5517	53
10	12618	17
16	22990	60
23	26439	91
13	1927	67
33	21033	48
32	1135	38
2	19080	32
1	28717	50
0	13245	47
1	27782	55
6	6491	55
15	22195	13
3	14771	59
15	19217	61
1	13467	57
32	17322	10
30	429	12
19	14153	32
34	5041	13
23	8720	46
28	14077	33
2	8658	61
33	22249	8
15	8090	95
23	31395	57
5	11558	93
7	1041	88
10	6209	74
15	7043	7
34	3902	20
31	18775	61
30	22794	39
16	6890	66
12	26754	86
13	25188	79
0	17945	25
22	14659	86
23	15347	0
29	31668	73
38	12280	7
27	1813	93
7	29846	100
22	12344	12
8	25636	31
29	13888	96
25	9251	29
39	32046	29
15	17624	39
25	10103	16
17	26350	89
10	18494	16
9	29726	80
35	28672	71
22	6421	94
8	21465	88
19	24082	36
26	21419	9
20	18666	98
5	15822	5
1	11896	83
30	28432	14
1	4770	94
5	25645	40
10	32128	13
21	3596	56
34	20799	81
29	19552	16
31	16344	13
22	27261	34
31	20666	83
30	26758	100
15	17906	17
12	20284	9
12	28021	79
15	22290	52
11	22167	15
23	23387	8
10	19679	88
34	30884	6
15	12460	67
31	24992	49
30	7016	81
1	30759	19
3	67	28
25	8256	51
8	31655	90
9	8491	75
22	4836	20
30	19679	8
39	4809	36
31	8324	52
5	22301	84
9	12488	55
3	24124	60
10	2851	59
4	29511	69
25	20840	46
35	16028	45
32	18227	62
19	32666	17
8	24848	63
8	25565	42
13	13175	80
34	12147	91
34	29676	20
18	1721	79
8	10466	57
16	30180	68
17	13629	7
3	7004	2
24	12920	71
16	29052	7
8	6366	58
33	26958	38
23	5987	16
37	11096	30
21	17653	77
23	13472	20
12	4953	17
33	30057	10
12	12280	18
6	25690	60
6	22828	67
24	29703	56
33	12003	84
0	21027	56
7	15282	32
27	7863	24
5	28599	61
38	12081	23
23	6358	88
18	17464	85
12	7221	55
36	10867	50
18	25343	83
1	24019	1
22	8411	45
33	17405	13
11	25760	21
31	15842	38
4	21535	37
35	31155	22
10	6688	81
10	26017	85
28	31210	61
19	14648	48
11	15851	59
23	3637	85
0	24407	56
4	17177	66
1	25304	52
2	12537	68
11	2732	53
18	27445	18
34	14526	57
25	6928	64
29	15257	60
1	25199	83
12	22353	20
22	22567	81
16	14255	78
28	30103	90
7	11073	79
29	137	51
11	7970	96
8	28052	48
36	24981	70
26	13929	24
38	17859	66
9	31958	38
14	27972	67
16	24171	68
23	19511	56
19	26107	85
39	788	30
5	24435	18
12	30076	21
3	18367	12
14	10167	22
34	30129	36
17	29854	64
31	14889	96
7	11299	65
34	25836	47
27	11957	50
11	10482	1
27	13361	43
16	5646	33
37	11554	85
22	5945	74
24	9081	76
23	27632	63
2	15369	50
29	14437	86
35	3179	60
12	23399	70
12	28945	41
31	2649	67
4	32177	51
39	4750	26
28	5722	75
25	23774	95
11	18884	70
35	15189	66
34	13759	93
26	29260	64
33	9421	30
18	9546	39
23	16461	30
18	9594	0
25	13502	65
20	25254	75
0	3586	68
15	16616	14
15	28592	31
25	9370	15
5	12746	70
32	29482	88
25	25726	72
13	25306	50
33	23990	46
14	3223	100
20	18849	100
5	6762	76
28	21374	1
8	29235	55
2	28237	10
32	12200	83
39	7481	37
31	29145	87
34	27085	82
39	16282	44
39	2650	73
25	25516	25
8	9499	2
16	27769	81
14	11502	11
17	17598	70
38	6851	71
23	29053	71
21	21267	68
15	14081	100
18	26872	46
30	2538	51
5	14523	62
5	4718	66
17	4599	88
32	30554	35
31	28066	68
2	29556	82
35	1692	73
1	13132	33
2	11149	7
26	29348	66
17	22338	25
24	6125	38
21	6340	4
6	29081	68
27	9951	80
31	3110	93
37	13009	100
16	10540	66
14	15454	66
26	32485	52
8	23930	68
18	25816	97
13	20031	81
23	15791	71
10	20987	44
8	5994	74
23	25709	44
21	29285	94
23	27272	41
35	13549	94
9	27743	62
25	21590	64
9	1538	29
16	32212	83
13	23409	5
37	22662	80
20	32759	35
0	10089	2
2	31620	74
26	27964	73
31	30943	73
34	3445	72
29	15827	48
24	3281	5
37	27285	55
30	22832	39
23	12312	0
3	13239	92
29	17683	48
27	18795	14
32	28639	29
8	1479	77
30	3954	7
20	2043	23
12	14377	60
32	11983	47
6	18720	97
22	14439	1
36	25924	47
37	19035	83
36	1890	35
6	11221	98
0	2792	22
27	24258	10
11	2829	68
25	26162	34
3	30870	92
2	14196	60
9	19072	30
11	24736	39
14	18477	43
9	10882	95
9	11237	21
36	13604	5
1	21197	10
5	5485	13
29	27560	42
33	8079	23
22	10224	60
2	7475	30
23	27446	60
8	32684	18
32	25286	85
9	32151	59
33	25594	87
38	18604	0
28	31184	6
4	29616	5
26	14996	6
28	2510	94
21	25791	100
29	4020	24
28	28251	31
31	31825	37
13	13454	7
30	31238	53
19	24853	46
7	17054	82
10	31197	68
13	30589	97
16	29429	61
19	17585	25
7	5520	46
7	14581	82
6	11989	19
3	21960	50
12	20392	78
23	16923	67
20	692	21
30	3919	64
32	20576	28
6	29556	20
4	16498	84
38	3338	57
5	22411	52
37	943	15
34	25290	14
1	30339	81
36	20012	13
33	29740	60
23	21135	83
33	437	16
17	3671	36
23	19659	98
8	10282	30
6	23290	96
18	32071	8
25	11001	83
10	9555	23
19	7730	35
3	21439	35
8	28664	9
8	25358	58
7	19764	79
13	12452	91
18	6766	79
16	28649	75
37	28537	67
32	20955	87
6	5937	53
34	23155	100
6	18182	41
13	3936	90
38	5456	62
34	25599	44
5	18074	2
24	29863	13
36	10597	93
7	22426	45
4	13592	77
29	5175	31
16	19481	28
28	16713	93
30	10806	41
10	29059	71
26	32759	96
6	391	73
36	20583	73
37	7435	12
27	10869	65
23	30973	16
36	6149	71
38	24243	55
17	27711	82
34	18563	35
7	18370	72
7	2658	96
35	1221	62
39	24919	0
11	5712	10
35	23263	54
34	3336	26
32	24988	6
25	14670	83
28	28391	52
25	5537	60
4	30997	62
23	5494	60
25	17554	96
22	29714	16
34	21026	61
8	31748	25
31	20199	3
2	19280	17
10	15098	61
10	8553	59
22	444	35
5	7055	48
9	2858	79
9	14640	93
6	28627	95
22	25936	100
34	333	70
11	25391	71
11	22322	11
2	11176	67
29	5388	96
5	22002	37
7	14274	3
19	25042	25
33	31065	80
12	29284	81
38	20523	42
27	4088	78
12	19175	96
38	11455	87
30	7406	37
9	15165	77
7	9964	36
33	30389	86
8	13763	20
28	23821	94
3	9754	77
36	5854	21
25	9524	62
22	30120	36
8	30682	60
14	6500	13
22	5754	37
10	1516	96
6	6602	61
21	17901	24
7	30102	23
1	31843	45
28	26489	61
24	18121	6
26	23987	61
10	24972	14
33	32353	69
22	27996	34
11	29115	17
25	20333	51
24	12837	40
24	16333	4
1	31544	18
17	88	69
17	3340	26
21	15343	18
11	27500	94
13	253	10
13	6332	80
14	31599	14
12	6834	11
12	20912	41
9	27450	90
9	9535	17
5	25111	91
11	763	11
6	13345	32
10	22593	80
2	27444	77
16	6502	17
39	17953	99
6	31543	20
31	21070	24
28	17541	62
20	22715	37
18	7658	31
18	30383	93
17	13635	81
22	32315	63
21	22425	77
4	5446	20
4	8045	40
4	2549	27
9	20132	9
36	2429	85
13	12930	40
12	25283	68
39	21880	48
27	20570	36
29	5560	29
37	32189	33
4	18621	61
15	10713	13
39	13137	62
4	32058	79
23	6846	36
17	29831	72
11	24351	59
12	12295	79
21	14360	73
33	8034	15
31	9301	75
27	27879	67
15	12709	34
21	19952	62
23	18064	15
10	1610	6
18	22443	91
21	2718	78
23	16933	9
29	21072	95
23	12864	40
9	9050	63
22	22444	35
19	768	98
21	768	50
6	3187	92
29	28364	59
31	19140	41
4	15346	69
38	26031	10
17	23624	50
15	2344	70
19	6070	55
39	32174	45
30	22345	92
4	31699	13
5	16115	71
22	28541	27
13	10733	39
11	12229	2
39	9983	52
5	13950	59
31	26897	84
11	11986	17
30	5584	90
18	21622	45
26	16218	72
39	9566	34
39	30498	19
25	26103	58
20	6025	19
21	31833	75
7	28393	80
28	16624	69
38	12800	74
31	9086	100
28	21753	83
32	31121	92
27	29071	73
1	1991	34
11	1523	79
36	26980	12
25	27523	79
28	29235	77
12	13682	40
37	5289	60
39	1776	37
2	19131	87
20	11638	72
20	2545	23
8	14141	77
34	31633	51
2	10000	16
4	6141	40
16	7665	66
29	28827	85
28	10319	25
30	30168	76
37	8125	33
10	28463	31
10	4969	92
39	14643	55
24	14537	3
6	16911	23
27	21293	39
27	14080	85
4	7234	7
15	30118	52
7	20648	44
35	10832	16
37	27427	40
19	8324	24
13	7701	56
4	15729	25
5	3650	80
3	29719	15
39	778	17
1	20803	47
20	32670	72
5	4524	30
27	21984	4
19	7898	76
38	3815	95
1	24485	14
11	20066	41
23	3930	2
2	27982	44
35	23290	96
16	15802	34
33	26126	14
24	3215	72
27	8437	36
18	22424	70
23	6345	36
19	7483	31
17	11560	39
3	30883	48
7	29313	59
24	14409	33
20	1970	31
37	5668	18
5	23592	15
13	32735	71
27	24499	31
10	17135	81
39	26573	99
5	17245	79
36	19981	32
19	30101	14
35	31219	54
27	29355	7
13	15452	55
3	31688	45
35	11569	1
30	27843	65
17	11319	58
29	18190	7
38	19467	86
29	30080	78
21	23207	43
18	32425	83
10	32014	89
35	24232	8
18	31720	77
24	709	100
24	32050	17
21	12344	55
21	2910	1
24	19683	91
0	1131	77
34	23535	97
5	27609	62
32	22917	15
38	12432	71
10	18461	31
35	21517	82
1	1818	90
13	4721	96
10	15788	33
8	17227	48
17	5675	3
10	14642	64
38	1390	39
19	31365	8
11	14022	87
27	22509	87
32	16552	17
17	13697	18
21	20267	19
17	24968	17
1	18655	62
34	8283	16
12	26549	51
2	14035	9
15	8930	9
0	17728	95
4	26634	84
3	17125	62
22	20760	97
10	28264	70
2	4486	22
38	8631	50
26	4362	58
18	14419	36
21	25315	47
8	11521	0
27	20531	68
19	20552	65
34	20781	5
38	2900	6
34	25606	75
30	6923	27
8	485	40
15	7544	20
28	20800	70
38	16349	61
20	29299	36
4	26119	44
20	11888	74
17	21433	91
22	14545	86
7	18250	74
7	28099	52
10	8396	24
11	18805	74
2	13139	0
10	6676	43
36	17973	48
37	28286	96
33	10843	69
14	21298	58
17	11261	83
0	23586	56
1	9053	91
8	5491	54
19	1881	7
30	3671	5
33	15090	39
34	6266	7
33	27422	39
14	23488	93
17	17519	45
6	20805	67
6	8324	8
9	27098	82
26	6460	90
13	25465	42
6	17438	34
38	28262	68
6	17015	67
3	3569	13
18	25369	71
30	27161	38
25	22729	80
37	24195	93
29	5300	85
34	18561	72
32	13959	100
6	14613	83
39	19455	97
11	4410	54
16	22539	52
22	32224	65
9	24023	75
3	5714	18
8	1620	94
36	23298	51
25	30497	74
3	19448	31
11	10204	0
14	5450	60
31	32581	86
5	13675	43
24	21433	40
39	21567	78
9	8941	72
19	4898	66
27	759	53
25	15729	24
4	767	17
8	15927	74
9	31796	50
3	27396	64
11	17368	29
21	23833	70
8	21884	93
28	2425	43
4	30921	12
31	23922	54
20	10342	24
25	10430	59
0	10198	45
0	24405	71
25	21614	48
4	3192	70
18	25005	0
26	32171	50
4	27541	78
6	1935	7
11	10724	48
12	8159	45
36	9527	0
7	12027	1
5	11127	92
30	16583	6
17	29483	30
35	28621	47
38	30080	72
31	22229	66
10	5408	85
8	21632	52
30	15416	33
18	18815	87
29	17974	24
5	1408	54
28	23085	21
21	8171	84
1	24796	31
29	20731	99
30	3525	84
2	21727	10
8	5352	6
29	17895	95
31	12018	82
17	31719	37
35	3068	55
10	11859	4
36	22839	9
38	9159	5
21	6167	20
6	29938	67
33	17882	0
0	8738	13
20	18554	48
21	16868	79
33	21098	10
18	13419	3
21	189	97
36	23239	91
5	28532	7
21	8716	47
7	28208	92
10	4605	98
39	29569	87
13	19413	83
25	30583	68
33	20799	30
6	3666	20
19	21671	0
39	608	50
14	2914	81
27	22622	45
12	20320	32
18	11271	4
32	8552	57
4	14988	87
9	7688	93
16	20268	3
38	1737	71
8	10797	20
7	28221	66
3	29907	34
29	12546	51
12	30012	63
31	32476	85
5	2845	41
16	7774	88
37	6872	22
8	6896	9
12	32358	74
24	4	42
7	27649	36
28	30174	23
1	4255	29
7	21313	59
20	28818	34
9	21713	93
23	2796	65
0	30231	15
32	19582	69
10	12644	65
17	9601	49
33	773	78
19	8526	76
13	16782	40
36	16825	44
12	24	88
16	10202	38
38	4305	12
38	21111	29
10	11570	63
13	32327	99
36	5797	58
38	3777	80
25	32152	9
11	26176	21
34	30242	42
29	19097	39
8	2242	79
32	28536	66
17	21229	29
21	4638	81
1	32350	23
18	19039	87
21	26468	31
1	25316	13
7	27045	48
39	16163	96
14	18444	93
5	8080	86
24	20449	47
34	1257	45
15	58	54
30	6582	90
37	30270	74
31	30028	38
12	29696	9
20	19958	21
31	23248	4
18	22550	1
8	13145	7
38	11860	60
37	11493	89
4	17213	33
5	10904	76
21	5848	67
4	20620	13
38	19232	10
17	23566	31
22	18534	36
37	14694	42
11	32514	37
29	3834	12
10	1503	34
6	10411	17
17	28102	76
23	8117	56
39	12151	39
18	6782	22
7	12012	74
2	23837	55
11	30808	84
11	28277	10
12	11211	51
29	8001	98
7	4728	100
1	5987	6
7	9488	43
34	846	74
2	27831	1
19	24169	53
2	12406	17
32	30905	37
0	24380	69
30	1339	23
4	10951	96
20	2989	100
2	25104	47
20	21430	76
6	23058	92
11	6327	17
22	10747	75
16	23714	34
29	15406	24
35	21935	76
25	18334	47
23	1476	65
17	15726	94
27	23529	75
27	9425	3
8	7975	57
37	21413	7
16	8092	39
11	31807	95
23	5547	8
15	14684	51
34	146	13
36	10047	21
7	3278	9
1	17746	100
22	24592	50
8	24052	64
31	27576	57
17	6708	9
38	26632	41
27	17831	78
39	10637	92
37	10909	36
14	28540	85
27	26979	58
19	25838	1
18	19792	71
17	10293	5
6	30929	87
31	4816	95
38	23988	51
11	421	22
3	26966	90
36	20609	42
28	9359	32
24	27928	45
12	21866	97
26	9463	47
31	1286	28
6	28449	34
20	13883	54
6	15706	60
34	10708	95
30	10820	46
29	21378	90
38	28884	27
7	11978	91
1	20191	43
13	1444	82
27	6040	1
22	647	50
25	7262	92
9	9740	43
15	305	32
7	31863	11
6	24478	93
9	18886	60
0	5643	12
2	25361	15
18	6817	89
29	8799	96
35	28742	42
7	24140	24
15	16755	43
16	8445	43
37	30650	83
25	4705	38
7	14427	70
36	14265	9
6	19781	27
15	24263	35
36	32581	41
13	21828	37
23	4444	75
14	32108	61
2	13935	98
26	30393	88
14	20944	41
32	32304	44
11	26706	41
16	27583	13
31	10976	83
25	23206	9
18	17619	25
24	10467	83
14	26495	6
35	7694	31
25	14762	64
28	17460	28
26	11495	32
15	23948	47
39	5138	12
13	30750	43
21	32093	66
6	31918	27
12	6065	54
7	18571	85
2	7750	25
8	31261	79
16	14025	91
25	9783	15
5	11626	45
5	16545	19
20	22431	60
23	11347	18
1	29063	92
9	14426	77
22	21291	40
18	21598	30
7	12825	58
29	5180	2
27	6402	46
2	15423	16
27	8807	23
10	6091	32
24	9344	45
9	23205	92
4	11217	59
8	20760	58
10	12088	19
27	15778	62
3	9048	74
16	763	5
15	19616	42
20	12166	47
11	13933	91
5	15250	83
13	23288	28
26	24057	35
27	6910	67
10	21241	63
26	30074	28
28	24412	46
16	20158	41
39	20042	11
3	21448	33
10	12896	65
38	29108	54
37	25303	23
1	17041	48
30	5094	98
33	2054	11
4	5542	66
9	8581	17
27	18201	58
23	12038	26
34	13101	64
20	4732	43
36	11210	80
33	4477	57
30	6990	17
15	17889	50
31	16139	17
26	10039	55
29	7573	31
27	4195	5
35	25102	74
7	3022	99
28	25008	36
8	13790	69
7	831	99
16	30906	94
14	6190	14
5	5511	62
13	1439	79
22	11929	67
7	28540	49
3	9047	34
30	610	92
29	22971	9
2	2332	57
20	23225	76
38	16588	99
12	15857	100
15	27430	39
22	5750	72
27	72	19
19	13717	74
0	10756	52
13	31199	64
9	28873	83
13	20444	51
6	18025	44
0	22332	95
25	30053	34
15	6747	64
39	31634	66
3	16244	96
10	3375	82
39	25048	21
2	31168	83
29	9982	33
7	32340	59
33	30290	40
36	18677	17
26	19463	98
20	8056	73
6	15955	57
21	20461	79
20	18916	32
18	23378	5
14	9588	7
30	15199	76
6	1465	82
34	19078	95
0	12848	16
38	16757	37
18	24682	54
25	32706	65
32	20204	8
37	32136	58
36	22978	85
24	25115	50
0	4678	15
39	24608	39
22	4321	72
23	12712	76
10	4766	55
28	28458	69
22	19946	13
33	4704	31
37	4322	1
31	21115	84
21	237	81
18	14640	46
6	1694	55
5	26756	13
25	25106	74
0	5984	46
2	25411	69
7	24407	25
6	7943	86
32	8231	72
9	1206	100
35	3546	83
16	16811	94
10	1164	92
5	14107	25
15	2377	84
20	15355	19
14	383	26
36	18403	31
0	13041	4
33	17723	18
32	7223	10
18	30739	92
17	14890	39
17	29801	2
33	26830	63
19	22998	23
38	20117	54
28	17374	36
8	14106	75
8	25926	65
35	32407	39
31	27205	10
0	16845	25
39	20598	35
8	32277	46
33	13505	78
10	15311	49
17	30402	43
23	20848	27
0	20057	77
6	22490	23
6	23386	86
9	6339	6
2	8358	41
37	9815	88
12	4876	100
29	30555	53
37	14784	85
35	25976	94
8	8529	89
33	21367	12
3	25445	16
34	8086	98
12	5275	16
5	27201	7
24	22378	78
33	13260	99
26	28125	84
29	29707	97
7	15719	78
14	9428	13
8	8026	16
7	21709	42
5	23965	9
33	18976	35
13	11953	79
29	5343	16
11	13611	92
3	16188	53
2	17960	100
13	7666	38
18	22385	62
5	11619	19
13	16696	67
14	30804	11
19	18627	91
21	19295	29
3	90	21
5	1124	85
5	15953	77
30	12197	93
5	4112	18
16	27730	20
34	28501	32
38	20656	34
36	28469	27
26	18972	97
12	25471	46
5	20380	43
39	137	11
8	15812	16
4	27293	13
20	26887	94
37	29559	31
10	28630	50
20	10638	48
20	10276	82
14	12328	76
13	15385	99
7	26728	17
24	14368	35
15	4813	72
31	148	12
13	3559	38
13	28601	89
15	552	49
20	19652	42
35	29720	1
8	29467	65
3	11612	71
9	27930	85
35	583	97
7	2045	53
25	31990	76
38	3771	67
16	14373	43
28	30716	48
19	827	64
32	30578	99
12	5693	83
39	7478	94
10	30642	99
7	3577	17
14	3992	29
26	29994	98
14	2548	7
4	11881	59
30	28847	98
18	21967	82
12	6067	88
31	1789	56
20	26512	19
12	8434	61
15	4617	74
7	30990	9
25	6484	90
14	4564	87
18	7682	39
10	14923	35
11	28864	53
23	260	79
37	15467	65
39	12855	95
7	4665	99
8	14969	98
38	1244	58
10	20456	52
10	8428	75
20	16882	2
26	16387	27
24	21501	28
25	16702	64
13	8594	48
28	27954	26
26	19168	79
11	1137	70
32	7862	68
21	32555	39
6	13117	16
3	10648	56
27	28953	38
13	23594	52
35	3266	64
2	24508	85
14	22571	2
18	27955	56
4	19224	12
21	30031	55
23	10925	23
39	18589	49
9	26912	41
3	8400	89
34	15505	47
31	17375	3
26	6258	26
34	20159	55
15	14096	47
18	30873	71
36	18706	87
35	8387	32
21	16139	6
39	2277	51
32	1396	36
11	2585	36
24	1447	0
19	11999	21
2	24242	67
27	13631	62
14	7971	26
9	25458	18
7	25868	77
35	7905	79
7	15355	65
3	10341	81
34	26784	14
26	4611	36
29	8258	50
0	16804	38
23	32362	85
2	29040	30
17	30012	35
39	27091	80
0	1405	12
10	31330	30
8	20795	4
11	19984	53
15	10371	50
20	27761	62
5	4539	8
23	23815	18
13	6002	88
25	17089	12
24	25535	74
12	13627	96
35	30095	100
9	27238	61
15	5741	87
9	16019	72
22	14248	33
23	8731	67
11	5096	97
19	15138	87
31	28301	91
21	28451	35
6	7277	43
21	23355	74
18	14799	3
20	21374	1
18	8113	41
33	8373	67
31	24252	82
39	12623	41
36	20600	86
32	7546	3
23	16281	15
9	1933	36
2	20089	21
24	22869	63
16	12065	50
12	29672	61
35	625	100
36	27388	53
28	23614	70
36	9726	17
5	2181	54
16	4188	91
38	20998	98
19	12222	67
28	17629	25
36	21028	67
30	18424	47
7	24347	96
1	32382	65
25	32403	12
30	15991	88
25	3317	53
7	7270	84
26	1925	93
22	9095	25
15	3396	44
21	24813	93
38	4027	65
4	31686	28
5	11397	11
16	16218	62
4	13163	72
15	19372	78
7	26217	54
17	10180	60
29	22536	5
20	15622	2
35	16828	77
38	25899	5
32	3921	88
9	15536	65
13	32146	72
28	27094	99
2	22943	2
27	3217	67
3	31672	30
5	9711	18
14	21354	44
3	1500	92
26	5209	92
38	17500	81
36	6685	17
13	1924	78
8	16111	84
3	27103	7
36	29723	43
3	19712	49
4	15469	51
6	21104	80
21	2065	29
30	10560	98
35	11945	36
21	26842	52
9	12158	50
6	25070	82
13	18703	71
3	13460	98
4	12415	80
4	9961	51
0	1667	78
9	14817	98
13	27358	68
29	25086	21
4	4246	36
37	10282	51
20	17501	65
25	23273	49
6	17388	10
3	29338	66
37	24639	87
20	27531	51
25	32237	38
11	12027	55
20	28184	19
19	16491	64
10	8106	40
18	22223	63
2	7125	80
35	24946	86
34	29201	11
13	18098	13
7	30478	33
38	32482	30
34	22356	81
18	6127	84
1	18826	65
6	16024	1
35	30102	75
8	12384	78
36	15635	65
39	1410	44
28	18135	19
2	9354	0
34	21115	67
23	31074	74
24	14881	20
0	18424	91
21	30702	94
16	14020	53
15	20979	21
14	2007	7
19	19066	49
25	30524	58
27	27629	7
31	27602	2
2	20187	15
17	9188	72
38	7613	45
28	22831	66
36	11659	14
29	4117	64
26	21321	9
25	29738	66
29	15881	90
27	22629	16
34	6685	11
33	15249	39
2	28008	18
7	8672	51
16	17942	24
10	15008	62
21	19483	20
13	13705	0
38	23375	8
11	27934	67
23	20224	37
23	13331	85
33	26955	23
36	12728	11
21	4010	88
33	24027	24
11	17252	95
6	26269	84
23	6130	65
27	11049	69
25	17011	51
28	3162	30
4	1215	16
30	12455	67
21	31680	39
9	2807	2
26	3092	64
9	3106	69
4	6444	52
19	30033	29
13	12891	24
5	21887	12
18	16028	65
0	26297	40
14	15089	43
24	20479	19
29	10408	80
23	22222	43
23	8177	63
38	22454	72
7	28803	57
26	32663	73
12	7492	45
30	18249	64
25	8493	71
2	12771	43
20	6888	54
3	20967	0
21	2519	29
26	13285	15
24	640	25
33	3465	45
26	31126	85
16	1546	65
36	19484	69
34	10605	91
38	20556	29
16	10782	85
36	20042	34
16	3279	34
23	4306	48
19	18590	70
1	7516	43
13	23017	71
3	24681	48
32	20575	9
20	1531	3
1	4397	26
9	8035	81
17	27743	80
26	28396	1
35	20673	93
7	1804	2
32	27626	8
9	11808	49
11	27707	35
38	30942	46
10	30961	50
10	7426	96
14	22686	89
19	27365	69
4	14502	50
0	30716	39
11	10388	93
39	7535	44
28	12891	20
32	21834	90
5	5356	68
26	1528	84
3	6300	38
10	16131	2
25	19797	61
36	6996	33
33	20618	77
31	15460	76
10	3420	20
20	28445	26
25	21370	5
36	22110	69
26	12707	90
21	16479	62
14	18126	2
6	25443	28
35	18787	90
37	29569	9
28	26130	33
22	9836	78
30	24611	67
8	7030	59
12	7001	14
31	3406	28
19	31673	31
5	37	100
18	25049	5
6	6718	91
9	2690	44
32	19989	1
24	20165	20
10	17569	32
8	15837	14
16	23388	25
16	23658	12
20	23832	25
36	3309	11
2	11721	0
29	21389	41
1	16587	35
4	23438	16
22	11855	76
26	28419	48
22	26612	67
12	407	89
24	13748	3
39	5521	95
11	7087	1
39	11858	100
26	24187	75
8	17925	33
20	24320	39
7	25656	1
32	18446	7
39	4500	51
3	22309	3
25	2289	20
20	14127	5
21	16502	97
34	16157	38
36	17803	24
28	16288	33
4	31935	3
33	12920	4
2	13048	73
33	25361	61
24	8064	72
11	23392	73
18	3789	93
9	20809	13
14	31774	59
38	20456	57
28	29753	5
24	13720	33
5	17905	20
18	10900	14
38	21827	60
35	15739	66
19	27680	40
17	10792	50
37	12359	24
21	17552	32
2	1979	62
9	25780	56
23	15794	80
13	20925	42
37	14361	11
15	23007	87
24	4605	59
16	20892	29
5	2420	38
36	28786	85
11	28647	82
27	14889	85
16	16834	44
12	11048	23
11	18166	62
21	941	99
3	12245	60
29	8373	64
10	6703	83
11	8941	81
22	22710	5
13	788	47
33	19220	30
35	28814	18
0	7997	49
8	16917	2
8	1245	86
29	10699	45
36	16884	59
9	5413	39
31	17403	16
15	30298	32
20	19245	43
22	30815	53
29	13770	3
17	8091	77
12	20321	4
33	26835	36
9	27796	86
24	25858	40
1	5580	96
36	27670	69
23	9166	0
15	6598	16
11	1861	20
13	12041	46
4	4237	53
19	30667	60
16	32610	25
19	18413	75
28	31306	61
6	21452	61
11	23500	14
16	26535	3
27	6102	84
23	7883	93
12	26079	58
0	1616	98
3	27807	31
15	24765	86
32	29317	89
1	22272	58
37	8740	37
31	6257	70
11	21587	27
28	3802	91
18	6582	32
17	11457	44
13	31716	34
34	19291	34
27	12912	91
29	23292	21
27	25205	21
11	9183	13
30	32632	92
38	20114	0
14	6849	2
27	12915	96
28	27255	27
11	19968	81
17	9246	62
6	8162	30
25	32341	11
18	10494	34
14	23513	55
38	32505	38
11	22073	11
19	21479	48
25	10446	98
18	797	40
5	27840	98
9	23656	11
32	15690	30
18	24079	78
13	18300	14
14	9067	64
26	2852	19
17	20734	56
13	15023	84
39	2118	100
16	17945	50
35	15565	20
30	16712	74
6	28959	57
17	4200	65
23	15781	4
27	9501	24
32	23714	24
25	11694	50
30	7614	35
19	29546	15
7	26854	67
28	22530	12
12	11114	0
0	31114	86
24	31643	32
6	4948	1
23	15970	43
0	17908	51
23	30584	87
38	6914	1
39	30803	47
25	27000	97
34	10980	51
28	17852	46
29	3243	40
25	29881	11
20	25570	64
32	31641	51
15	7072	15
14	28141	34
35	21826	34
4	6777	34
10	27778	39
11	15060	85
36	14597	58
36	25756	28
9	4930	15
27	15094	56
38	23568	31
20	21891	72
6	19778	81
18	3616	14
37	32532	38
2	30982	41
39	8541	14
25	17184	84
32	14524	19
13	8374	16
19	3897	91
34	27327	51
12	17688	59
37	4980	58
21	22988	63
20	19199	58
11	28233	57
12	4946	3
0	14636	6
25	11925	31
16	31342	4
4	21929	94
28	32667	49
37	3241	61
12	19149	88
11	18811	33
33	32210	36
33	1228	40
15	6213	93
4	18442	45
17	12940	95
24	27449	75
23	30963	95
7	3000	79
3	4438	59
0	24912	30
5	6946	72
10	2337	43
30	27797	93
37	13903	19
25	24952	53
17	1654	14
34	20183	67
33	3154	9
18	19550	8
28	3356	26
21	20318	67
8	32140	68
35	23728	71
15	4485	46
29	11754	25
35	15815	9
11	23461	4
7	27981	3
34	16838	86
11	29721	58
35	13312	92
11	1943	83
14	2069	50
16	18664	62
6	18551	100
32	18345	55
16	23901	8
9	25632	67
12	29539	42
17	11718	61
37	11859	33
5	22449	76
8	7081	60
6	11852	33
24	11240	26
18	12879	7
19	2792	26
27	11021	39
20	20116	50
22	13925	3
0	28899	68
4	9969	1
8	13538	42
36	29017	61
19	16432	86
7	4044	22
26	10556	20
1	12039	52
36	20513	83
1	14972	90
8	23288	12
15	1399	20
24	28658	0
5	27975	95
11	5794	43
24	29920	29
1	22324	32
26	5235	42
20	2443	68
14	22497	67
29	8057	60
3	32037	25
36	23697	80
2	8189	3
37	13120	62
29	12926	31
31	12848	86
11	6744	24
32	24098	25
35	22771	56
33	21448	89
24	14512	80
15	27198	96
37	9196	26
4	6704	87
25	6813	39
34	30433	74
18	16800	86
1	23932	46
26	21260	57
3	29817	88
26	22831	62
29	30730	93
17	9721	58
34	29116	17
17	30465	58
39	10450	47
18	14956	23
34	9747	86
0	861	30
15	24814	32
8	31926	80
25	25932	60
14	8012	1
24	18536	27
22	11499	14
29	26752	98
38	944	50
10	1603	55
37	21922	13
37	6209	69
33	16031	49
26	6091	54
32	9963	90
23	17415	10
15	27397	36
27	17184	31
22	29073	98
33	29404	97
9	15993	9
1	28928	20
15	16016	15
26	14662	22
18	2398	10
19	31188	76
26	16089	83
1	16500	94
7	1341	81
1	12798	76
13	3908	96
30	27308	55
27	3425	98
24	16736	19
14	3285	68
1	16628	59
15	7604	34
10	4655	42
1	13619	19
16	5631	13
18	13273	57
17	25338	23
34	20325	54
29	2650	71
29	28298	7
29	18421	0
37	22734	52
15	24022	42
33	1842	65
36	10122	68
19	29291	11
31	14904	11
20	462	85
10	32289	44
31	19018	72
23	25375	61
32	12032	39
1	29998	47
33	15693	64
7	30516	4
38	23668	33
27	6523	80
33	11552	32
16	11928	76
19	20343	49
30	15544	49
24	18040	55
12	17034	7
17	26068	4
24	20032	60
11	13197	25
13	27223	54
33	30962	93
28	14124	24
9	30425	65
6	6535	37
22	24363	82
27	1437	5
15	27154	22
23	27460	48
36	10094	89
38	29509	90
32	7524	47
6	26381	7
34	27415	95
20	4919	1
10	4850	36
18	2716	22
22	21006	21
23	13039	33
14	4751	89
25	17684	71
15	9502	75
4	15012	7
31	4537	72
21	20334	1
0	2710	16
27	6349	32
30	27606	50
11	3621	79
35	18725	82
28	1265	10
13	26289	15
21	26655	82
34	11506	20
11	9651	97
2	16182	84
32	16095	50
21	27387	42
5	26140	73
30	14957	92
24	29672	88
17	7855	94
11	1578	95
6	30388	31
11	10100	70
29	15822	54
39	12953	40
8	31041	82
20	7253	65
26	7807	13
29	12273	26
25	13270	29
2	27946	52
11	27570	0
28	25808	60
30	32453	3
16	32454	96
1	9143	99
14	20344	41
33	17191	49
37	23517	54
12	32031	100
28	12955	63
14	20823	69
7	26096	26
31	19922	18
30	1381	24
38	8117	92
12	1914	43
34	20593	20
17	29386	87
35	28056	77
2	21339	31
6	25582	24
10	29713	70
4	1684	58
24	15748	60
3	8552	87
27	21153	50
2	8685	65
21	22755	93
13	25676	26
3	7434	16
11	6746	44
15	18064	100
0	8360	23
27	23382	62
7	31230	25
23	16953	52
32	9170	96
31	3729	46
1	5794	36
35	30667	3
37	6969	11
2	18326	69
31	14904	31
12	3681	88
30	32138	44
37	24859	6
36	5004	55
10	5233	29
29	12806	84
9	10495	55
5	27468	87
4	14644	22
19	4642	18
11	1234	17
34	22842	14
29	32597	45
29	8544	14
24	23973	31
15	30127	91
20	21725	90
6	5996	99
1	24339	42
35	17235	83
3	15454	55
30	6266	31
25	21903	5
24	19738	1
2	29534	63
27	14302	60
30	14320	26
12	13441	66
37	16902	78
38	8428	42
12	10297	47
38	11274	85
19	24586	13
24	529	15
8	30637	21
12	6645	58
33	6875	24
14	5682	58
20	31250	56
4	24383	10
31	10507	17
2	26692	71
14	13381	30
33	32480	55
33	22271	72
3	11564	86
14	12798	78
24	8511	74
34	30939	31
15	20440	93
32	3812	2
18	12281	6
28	19882	83
39	2973	64
38	32467	8
19	1491	90
2	16333	92
35	12499	41
27	24940	46
12	28411	85
2	11942	18
23	28591	42
28	11486	40
22	30086	60
13	11652	31
21	17760	87
31	15347	74
39	13862	42
34	25552	67
4	26476	4
1	19293	3
9	14635	17
35	31352	88
1	18763	91
27	12865	19
24	3004	39
37	17051	78
37	6212	19
5	8708	38
35	5462	38
22	374	89
6	18823	28
30	31061	86
31	25988	79
10	3470	55
25	5772	63
19	30330	27
16	30175	27
39	10527	59
0	938	18
30	21727	88
24	7240	19
35	17859	5
39	19707	63
25	8667	74
20	10597	45
10	7526	27
37	21870	11
3	21700	4
12	28505	51
28	19560	47
25	29740	77
26	30262	82
27	11463	57
15	22804	2
33	15408	79
18	25247	24
15	6152	83
1	21568	83
10	6689	0
21	29711	12
18	1706	58
17	32581	62
12	25714	7
4	7997	95
34	27948	80
14	8994	77
21	14781	47
22	20444	29
29	13048	31
8	1258	56
1	18779	38
7	4127	81
32	5793	76
15	9078	65
24	25159	62
2	18313	53
18	7773	30
25	10824	45
32	25652	70
26	7418	11
3	20676	43
0	17852	44
35	28396	30
14	18422	67
10	12746	14
35	17526	75
18	27626	27
11	23863	63
15	16378	19
28	12807	9
19	20027	89
39	25206	57
37	28149	73
34	22241	38
17	9361	59
35	13685	67
3	21545	91
16	18812	46
11	22952	9
24	4688	75
36	5845	1
22	31945	88
0	16093	72
30	17669	0
13	15420	100
15	30678	3
16	15628	29
17	21056	53
7	28456	32
19	8898	99
29	18345	24
5	9067	41
21	27041	78
13	21732	4
27	28193	12
21	501	36
7	1006	13
32	4150	1
36	10098	78
14	28129	24
7	9164	81
30	5639	58
25	13321	19
9	7058	21
2	2029	89
10	16608	14
37	12763	9
1	9429	58
27	11187	7
23	20406	83
35	16070	52
2	14639	38
4	16174	27
0	3665	73
27	17705	4
19	22888	24
38	28498	69
26	1788	17
16	20161	47
21	27224	28
19	31356	46
39	10605	15
5	31174	51
37	10992	42
25	19751	75
4	4854	49
32	27718	18
7	22923	60
32	8938	0
22	25581	67
39	25024	27
27	5237	76
31	26549	3
16	20056	80
10	12036	33
37	16827	9
27	21836	92
1	18908	5
8	22601	69
8	2613	65
9	2307	71
12	6375	27
13	5519	64
18	13266	29
38	3514	80
15	2844	88
11	24886	47
22	26402	91
36	5659	32
1	10494	98
32	27871	14
14	11304	16
6	25363	6
30	13536	94
32	6275	94
8	10849	21
23	4750	68
37	11532	8
4	18385	92
28	30735	32
24	21110	59
4	15154	52
18	12747	87
19	1227	13
16	13293	38
2	15634	48
14	1699	6
1	27465	78
16	6856	60
38	21100	23
25	2002	30
14	13933	37
22	1359	52
6	7208	27
0	28282	41
10	25998	72
17	10291	100
3	6337	35
8	15357	24
16	15369	26
29	6864	43
27	18934	26
32	20702	97
36	10250	66
25	4004	81
15	4020	32
30	26071	9
16	19605	78
32	21774	93
23	25661	18
37	17210	65
20	31450	30
20	6730	64
19	26013	69
15	21132	93
36	9914	64
16	13484	94
35	22606	85
15	26207	74
15	8852	93
31	24859	98
1	3881	10
9	21615	85
37	11861	92
0	15825	7
22	25743	36
30	15872	41
8	9662	82
5	30800	30
19	12504	76
2	8822	85
31	23031	76
35	27559	66
1	27132	9
15	6197	74
31	25172	5
36	10982	20
27	22655	1
23	18362	96
4	28774	68
26	13279	42
19	3490	94
36	1274	64
7	29508	41
6	17950	61
18	1734	27
28	8954	21
24	5659	76
34	6698	80
36	10787	61
35	23983	49
5	26100	47
34	29948	88
3	2218	20
8	30231	50
28	10948	68
25	21439	11
28	4407	0
13	23704	26
14	16313	45
2	11209	26
39	8442	72
24	1432	60
37	30402	15
30	31450	57
3	7463	11
6	17500	19
32	21343	59
5	9107	97
26	475	83
18	18469	46
28	10410	40
32	21049	14
0	4689	98
9	6025	73
5	26277	92
21	26026	28
34	5702	52
34	9742	34
21	8902	12
35	6303	24
29	20649	11
19	24588	7
5	10176	26
16	26403	19
36	7047	65
14	18627	70
34	6291	79
25	27731	52
23	21813	87
14	1723	92
11	29398	15
25	13399	50
25	2750	22
35	31323	70
16	31811	96
28	16031	56
8	2959	22
13	15053	52
37	26498	7
6	11362	76
27	21088	74
8	5392	42
31	15418	57
7	22356	75
15	28516	73
12	26974	55
6	20053	88
34	19622	40
10	24500	51
24	703	45
37	20627	39
21	26691	9
5	32249	36
7	17646	13
6	20049	16
2	3144	80
20	30809	26
19	19563	58
25	6298	39
6	12483	6
39	30627	69
24	23776	24
15	29294	83
33	18352	74
14	25532	75
11	14777	97
26	2129	42
39	12592	91
33	29004	24
4	17662	70
15	32535	65
22	15371	6
30	25764	43
33	115	85
15	9710	86
25	28264	37
31	13811	67
5	19697	34
11	6060	93
11	4810	37
35	681	77
0	1030	12
30	22361	26
7	17742	22
20	30762	10
39	18380	67
32	13311	53
7	32035	18
17	9142	0
22	9478	96
16	32689	97
10	20041	22
21	21400	100
5	25472	72
9	26073	20
27	24461	63
9	30093	100
0	8359	98
25	27846	12
7	20676	6
37	7799	90
11	4199	44
31	28276	19
30	3398	14
28	10049	14
13	68	36
3	5278	69
5	18093	29
25	2837	95
27	30908	13
2	9217	18
2	5071	52
37	29372	8
32	6363	88
10	8946	33
9	28664	7
19	6484	5
19	2078	86
3	10018	83
15	5740	95
38	30265	41
33	6797	35
7	22191	73
28	30236	7
9	22572	81
3	787	61
11	26735	11
29	14758	18
15	24008	15
34	12320	96
31	12152	80
2	8082	47
29	30502	83
9	11905	12
35	32243	92
5	7883	18
13	23759	25
12	11902	82
35	27425	36
35	4955	81
13	10210	73
31	1845	54
20	18605	47
7	28523	0
23	30597	70
9	21557	23
32	21300	33
12	11385	67
2	20368	69
2	2398	6
7	27154	48
10	30939	19
17	7287	72
34	6391	97
38	23150	21
37	23923	84
34	2168	91
35	2064	77
36	2439	79
33	22452	24
19	3589	77
25	3354	99
19	2624	7
18	9172	30
32	29556	6
8	5315	84
21	27114	73
11	13138	6
0	7140	30
37	18711	78
39	16464	94
12	2987	92
34	22898	14
17	30420	53
34	20232	28
32	2391	75
26	11420	24
11	27917	54
32	15352	51
39	17162	64
8	7413	97
29	13057	75
36	13094	89
33	2344	83
18	5898	30
10	12349	70
37	31684	70
12	15752	5
9	31635	60
37	8944	98
12	19579	11
39	32621	85
3	19421	43
28	141	98
5	27382	34
38	26561	18
15	8054	97
6	7334	46
19	25265	80
32	20883	15
14	20250	38
18	12807	61
7	24323	5
15	27347	97
8	222	51
1	10770	12
3	29802	92
39	2380	63
29	410	80
6	15962	28
2	25878	53
19	32737	73
38	6043	80
20	20610	91
26	11447	53
3	28683	99
19	14985	12
32	5206	71
36	24458	21
17	21394	55
38	23701	95
25	26666	78
35	10401	82
5	14987	56
39	12519	28
4	30578	9
13	29554	57
7	31121	75
18	6982	25
28	930	36
39	3234	66
29	17479	92
23	13577	98
17	28488	25
36	17938	41
20	28685	71
0	4925	23
15	26470	80
30	27178	6
20	23296	19
33	14870	72
2	18197	75
22	2661	11
14	13112	60
35	27035	86
23	4439	81
17	29981	43
32	6717	16
17	12172	38
38	7483	86
20	24216	97
28	24777	72
16	27287	97
14	20535	46
18	2386	42
21	22212	4
16	10939	30
33	705	8
27	31115	78
4	27516	50
24	6907	26
10	27438	36
31	20	96
25	6692	34
26	24647	48
19	10959	78
20	10325	71
28	24207	5
34	6567	48
18	22857	82
29	21922	8
21	11821	92
37	28073	91
6	10805	24
28	7103	56
34	12613	75
24	20747	31
22	2296	29
1	7856	44
33	14452	25
15	29356	75
26	18147	68
3	1477	18
14	10853	44
39	30896	57
30	14222	66
15	19942	12
39	26066	1
14	31474	35
11	22385	62
7	1819	88
29	21434	67
10	26286	43
31	22723	77
13	18782	28
28	9699	75
23	14190	40
39	12951	78
8	27812	57
6	32147	95
14	12596	34
4	3635	62
39	20520	3
4	30346	63
18	2025	43
35	11955	57
28	15610	7
22	21058	100
28	8198	12
0	11998	56
18	12232	20
37	16233	34
10	21632	29
37	12615	29
34	5611	55
38	31134	84
20	28152	15
15	24232	80
27	18868	38
17	15723	32
8	14114	69
18	20090	26
9	23032	5
18	19587	79
7	23158	24
5	13784	80
24	26841	81
15	32317	15
15	29973	65
23	30869	13
25	11734	32
26	6223	61
18	2813	86
11	30875	43
27	26389	77
1	27598	87
24	18544	50
25	16262	85
38	17903	48
27	29286	87
8	15521	74
31	24193	42
29	8892	63
5	26581	61
29	31136	94
7	8287	30
18	992	36
13	7085	82
15	17799	24
34	27132	45
39	17430	61
29	30537	84
23	18662	1
29	25814	51
9	25595	72
4	29712	84
24	26219	10
2	20454	15
16	21213	60
33	32232	6
10	10197	45
1	4804	82
13	15044	8
25	32253	86
33	27674	39
32	28410	51
35	7105	53
34	2483	62
14	17110	0
16	27559	27
2	17014	59
16	29160	50
12	8438	39
1	22360	45
0	26086	87
31	11886	20
14	23205	47
24	31778	22
25	30845	23
18	25032	25
7	3702	51
39	25091	68
17	30818	16
34	28963	13
2	28115	30
21	15226	56
39	19196	1
26	27799	7
4	3749	21
23	22629	100
21	28609	43
10	17310	9
39	12868	43
23	15130	68
37	5702	69
34	468	23
1	11681	68
2	11207	57
30	25476	24
1	4080	58
20	24241	41
8	26126	49
16	29287	70
37	13570	1
31	23324	81
15	15580	84
21	23452	87
37	21486	33
21	17446	22
16	20617	50
1	20634	52
37	8488	20
21	27613	100
13	13109	77
26	5617	53
25	19633	14
18	14211	9
10	5985	61
28	26834	95
13	23633	7
12	27453	69
20	25804	85
7	7135	33
35	12822	92
23	19196	22
23	20367	50
18	30516	86
13	31500	16
10	15532	50
27	19835	71
20	10165	50
37	573	36
19	22427	35
16	1458	95
33	18841	14
27	9195	14
26	3371	64
9	5764	12
34	23095	28
14	23820	56
19	22203	13
38	19851	12
16	7439	90
14	13062	16
32	5330	40
30	11785	15
11	16411	69
25	28587	2
15	2957	64
4	24961	82
22	19287	60
27	28022	72
31	10314	57
0	28307	82
22	10125	25
3	28679	87
25	31893	61
25	21020	64
19	18534	36
11	17629	92
21	6738	30
17	22158	3
29	17837	86
23	10322	50
35	15659	13
9	17804	35
3	28645	28
33	10971	75
20	27964	74
6	20425	88
1	11278	56
11	4735	14
16	1789	38
3	18209	38
32	8883	21
22	29848	92
33	21615	61
8	1784	63
3	3640	93
2	969	2
16	9097	76
3	9938	89
30	13409	16
38	20031	30
23	1508	26
37	21299	94
34	22308	16
26	26667	23
30	9638	61
15	26809	28
7	10419	99
2	15999	8
2	23467	58
37	11639	15
2	3780	97
22	3559	10
11	29434	7
19	17555	43
39	16676	93
15	14858	17
30	17766	3
15	14370	45
0	3963	98
27	257	70
3	7555	73
15	13635	22
8	23136	34
4	18199	42
8	2507	16
12	22137	47
33	2975	42
4	30403	90
5	3344	99
22	6221	22
37	6601	66
6	12514	30
9	22564	6
33	21540	58
11	25340	93
1	18745	53
38	30919	72
31	23901	60
16	27380	12
5	19242	97
32	10704	62
31	7342	55
33	18514	88
34	692	74
20	12447	92
6	17856	84
22	19756	93
21	17840	0
23	29634	69
5	776	38
1	14036	92
38	31049	20
5	14053	7
2	13287	31
23	28908	48
0	4028	34
12	10238	67
10	6405	98
15	14249	50
0	31313	48
23	10681	84
31	2794	50
18	9575	21
33	19353	63
15	1825	67
5	5853	17
9	30573	70
6	1513	64
0	31888	70
3	7681	72
21	5633	49
33	21014	90
8	16856	19
7	21164	9
27	11183	74
35	6769	93
38	434	69
18	12298	80
23	22485	31
20	17925	62
16	27238	44
38	18419	53
3	18546	26
29	4111	57
21	17339	46
28	776	42
15	18224	43
11	14270	79
29	13857	5
2	12051	80
20	1454	85
37	1067	85
38	12060	70
28	30624	6
36	13586	57
33	22683	6
1	3828	21
33	9431	60
21	13519	87
36	21747	81
4	2970	42
33	15516	33
30	25778	98
16	15995	79
2	29916	44
21	25065	81
32	26163	66
18	11478	86
8	17868	83
23	3690	68
25	22777	84
3	14145	35
1	12140	74
2	602	24
38	24237	46
15	7691	25
12	2206	6
20	1692	72
31	29188	17
28	11348	92
28	20299	7
19	23836	7
32	23814	27
4	19978	87
25	9938	36
14	31592	53
5	23204	82
13	5663	11
30	32691	10
37	27529	23
21	12153	6
24	12559	7
36	21628	37
26	28455	84
11	17887	48
17	32657	13
20	10226	83
0	16604	3
25	6453	86
38	21916	51
34	12419	78
4	4056	21
30	31854	3
19	6556	74
25	23787	3
35	4533	35
18	2013	78
36	16373	32
10	7717	20
12	18076	51
7	14911	54
35	24248	12
9	8853	97
39	19352	83
3	6409	55
28	21924	78
25	28274	49
28	22329	8
36	23539	19
22	18015	60
15	32120	19
16	15468	20
2	28612	15
36	22773	30
29	22990	70
13	3993	87
28	23647	83
28	2192	58
33	21556	34
17	18942	7
20	23054	92
15	29817	39
29	18801	69
2	1867	27
5	8717	29
26	29007	72
8	8444	18
8	14718	44
23	18010	28
4	22149	54
6	28905	33
10	28415	64
31	7355	89
8	17441	16
35	29461	86
28	1790	16
29	2319	52
13	23730	61
38	14228	28
16	28684	15
32	13016	39
27	12178	89
28	16474	29
4	19704	85
29	29192	99
7	20317	14
18	29225	73
36	7147	20
17	32524	86
2	20657	78
7	1722	60
9	15303	68
11	12822	55
6	11558	20
9	27694	29
1	27579	43
14	23982	4
34	18064	55
8	15798	36
24	8490	88
21	4219	85
0	1651	46
0	16769	17
7	20414	38
23	19022	55
12	21959	5
3	6117	14
19	32711	61
38	28783	90
31	26861	21
23	2001	42
0	20184	100
3	3371	2
4	7152	26
20	5234	54
15	13988	26
28	9885	79
34	23295	18
32	18468	90
29	13845	43
2	14524	56
2	21290	43
23	24730	43
29	14510	5
12	7845	99
26	26460	92
21	18513	100
25	22562	37
0	30505	77
19	9624	67
6	2353	11
12	21556	75
12	20633	48
23	14456	57
25	9349	33
34	23760	52
8	10193	48
15	4322	27
33	31773	80
27	2666	8
22	1666	59
19	17419	36
36	14528	8
5	8342	43
28	19652	41
34	22961	84
15	22999	0
18	30441	13
25	29147	44
3	1683	81
34	23127	21
9	9230	27
23	18504	85
12	3893	35
24	5870	42
32	18219	49
17	4370	56
19	20177	42
26	24946	81
1	2933	61
21	27222	52
35	7840	18
37	28038	47
12	16914	67
20	25868	55
17	6474	72
33	653	82
29	11822	27
8	19996	67
39	30378	100
28	7891	5
6	24416	96
37	30368	47
32	31686	6
30	30713	21
39	13886	55
3	1914	79
3	15117	64
22	1185	99
5	28478	97
35	11289	40
36	8402	7
6	31578	99
16	20431	58
16	8327	7
33	2056	40
35	29390	42
8	20919	47
25	28343	72
2	21311	41
24	3881	100
11	26799	79
28	26380	25
36	17886	68
3	26828	25
15	15932	13
5	8236	12
31	6562	86
7	6194	5
30	32720	26
16	2566	100
22	3159	88
4	4897	4
26	6944	64
19	24609	85
14	25044	70
5	18197	14
38	1223	11
0	1831	85
34	5692	24
17	7401	96
31	25883	40
18	8625	32
29	15474	9
36	20934	94
