18467	72
19169	69
29358	96
5705	67
16827	63
2995	24
5436	71
3902	52
12382	49
19718	99
21726	25
1869	15
26299	67
28703	76
30333	99
15141	35
6868	95
32662	33
12859	37
27529	71
3035	71
288	8
8942	74
27446	70
6729	29
15006	94
3548	35
24084	57
11840	17
13931	48
32439	83
5537	25
2082	2
4833	7
29658	80
13977	84
22386	72
26924	84
5829	12
5097	49
13290	71
22355	22
15574	92
27350	39
21724	28
31107	93
11337	4
27753	81
8909	91
24221	4
24946	34
16413	80
32591	77
17410	97
20537	35
27595	1
24350	90
9374	11
24021	78
19668	42
4734	53
26418	62
3788	48
3728	46
22483	31
14310	52
9514	68
18935	79
5249	56
22798	3
11008	87
14989	79
20485	63
30523	72
9503	75
13458	53
19796	52
19589	93
27157	70
18538	71
24179	10
7958	30
22888	67
16202	8
20055	27
26362	38
28433	74
23844	2
31998	20
10021	43
28476	16
5075	6
2510	96
17861	43
9789	4
5002	81
10285	20
28617	22
30932	28
25721	19
31329	45
21425	51
16549	68
30145	82
3753	80
16279	39
12529	26
19866	21
23195	65
28286	46
16282	32
18114	86
20671	29
4313	14
20053	3
1832	38
27756	41
23646	5
4144	67
7129	40
20450	63
12044	45
26439	83
26154	18
20649	56
4474	45
14018	1
17958	18
3625	15
9314	69
25874	31
11833	93
28297	44
17773	51
2668	22
3102	97
7627	55
30527	100
1924	14
13061	41
27432	32
22725	2
142	52
13064	22
8360	92
14270	82
30833	16
18896	21
12550	39
2695	10
2125	13
22658	42
22466	32
23851	32
28464	10
2800	8
1926	21
32170	14
30227	24
7164	59
17086	73
29577	31
25627	74
25423	38
14962	22
3737	30
32525	52
6202	36
20326	24
6411	95
21520	96
30188	48
20851	78
30900	38
17578	83
11477	89
6439	81
19357	1
5108	4
19801	24
22428	65
19405	76
28704	8
6072	60
14485	53
1626	65
13357	47
23869	71
13022	24
12717	11
24041	82
24229	20
8932	76
12053	95
29734	89
21457	27
2963	82
911	20
22848	29
2223	23
6511	16
21459	49
17870	10
15205	69
17398	59
12193	8
26534	1
10176	51
10548	24
14413	77
24855	12
27611	72
32678	35
28296	48
9313	67
12818	4
14932	34
13169	96
26488	1
19497	64
15145	62
18651	76
11258	32
11192	30
12181	21
23775	4
5997	76
25561	14
29541	71
27813	86
6077	15
8213	55
5601	61
2670	67
4084	76
15498	23
23847	82
21221	39
2363	21
27489	60
25542	44
7591	38
9232	43
4975	24
11422	90
13584	13
17864	87
21545	28
18678	52
8519	47
15944	37
23245	56
27870	6
21132	30
25087	88
29901	34
3527	86
14015	10
21543	97
2943	12
26463	100
1588	30
32060	11
29954	82
690	71
21430	67
27067	92
18035	7
7038	56
11224	93
3359	38
4944	7
32726	60
20355	95
9496	0
17964	11
17913	83
21948	24
14606	14
32404	39
29812	84
16565	78
29141	9
8256	87
30838	80
21015	20
17841	81
32637	45
1650	6
10893	51
13452	70
22233	0
16634	43
148	14
4213	41
29200	72
16858	12
31361	13
3676	50
14902	26
24948	70
30674	99
6923	94
3878	59
22619	34
21945	85
12392	62
6698	34
5938	49
31461	73
9961	20
1515	19
28869	58
13971	4
16215	12
18330	9
29288	4
16085	5
24774	98
25951	77
1679	41
23073	81
18132	60
26113	9
15790	6
28	35
7200	21
21974	61
22867	95
32168	19
15629	67
3309	47
30080	16
26667	13
7864	30
8826	49
27726	83
27681	67
5686	62
14721	4
20415	25
17124	4
31762	42
4806	47
5602	92
23481	2
26630	76
4084	23
21293	100
1054	95
248	17
5131	16
7958	78
6995	42
7479	58
27918	59
32498	4
7462	70
12022	35
13037	87
29458	37
4098	55
14600	6
18352	46
540	35
8762	73
18397	7
25828	14
24230	5
658	27
10940	68
25162	39
792	40
16398	17
26946	79
8638	90
24515	7
15615	25
12570	97
19557	76
30524	25
330	7
14333	99
19737	75
1278	71
30714	86
19949	46
13337	5
2623	81
25608	66
7085	62
28652	13
23826	15
6249	96
18819	34
1941	89
5565	68
16216	39
2609	55
16893	15
30300	0
15589	31
17968	88
26268	34
10422	70
30910	19
25391	42
874	51
28255	16
6972	56
25547	64
25605	97
7950	82
2481	2
23439	96
9762	8
4415	90
11759	73
29486	77
5945	41
18700	55
21787	50
30974	13
18283	63
2376	0
12723	4
14776	29
32182	20
8925	82
19677	11
7534	22
31068	74
7783	62
29426	14
17612	18
11408	91
7185	39
26443	2
8850	80
23650	71
1454	12
27465	67
19793	50
20972	4
28442	26
25770	96
1381	26
2237	44
16595	70
12042	0
11058	48
1670	6
2258	42
25783	76
8610	28
18434	84
3503	20
10938	63
22750	31
28458	35
32756	1
19489	43
32075	11
7833	78
26048	40
12433	4
1735	14
11837	76
7328	62
31244	79
9252	32
9535	37
3497	13
22015	76
16100	16
9523	55
28633	96
19854	92
4919	4
12931	22
13487	91
8483	84
6193	73
1560	78
31497	58
31540	19
13392	80
21578	12
9277	73
1620	85
31276	95
13578	49
26489	58
12924	83
27008	91
6477	20
32607	56
13722	87
28761	47
31163	18
19932	0
4954	46
10396	7
10904	74
4680	7
14387	62
3517	38
241	96
3523	44
29621	26
9916	23
13579	10
12750	69
24081	66
24676	79
11784	11
13608	11
29929	40
5055	81
8922	82
10986	23
31577	55
29916	16
15469	86
30693	1
26949	92
26052	34
9487	17
16955	54
30180	38
27065	89
12578	70
14140	66
2445	69
13489	5
3333	28
17282	40
8896	5
4882	96
7231	66
6479	59
31351	55
9646	56
30189	21
8486	21
29614	12
11777	38
10861	9
12455	57
8752	65
26281	64
15947	56
9135	64
29859	51
9253	54
1643	2
13232	0
19926	24
14801	14
20855	2
10573	49
6473	95
24353	70
2699	31
17465	1
9981	92
4381	66
16671	18
30032	50
23165	79
11293	36
16948	85
18166	63
31020	60
14788	11
11969	92
4015	62
9168	29
12097	40
15199	69
19199	98
18271	57
6085	15
1331	96
13444	57
4360	51
26431	82
10268	47
337	1
12677	2
29022	21
542	64
21388	83
31647	50
16584	79
20493	36
17482	56
10753	86
19095	92
3964	66
8106	20
22593	12
14868	100
20968	19
12079	84
31531	5
20663	38
27936	75
11874	44
25680	88
5725	31
13559	66
17832	27
7375	49
21962	72
10797	94
10080	88
9058	82
8546	72
19097	93
11072	69
22955	62
23588	58
28315	4
1009	95
11455	77
742	21
24512	57
27368	83
17650	59
12759	38
5303	16
24199	17
18661	96
8753	96
15987	73
20083	7
32718	23
7229	48
4769	69
21047	79
24326	44
6540	3
32588	66
17945	32
20183	56
4978	34
13262	36
27196	46
12935	84
14790	15
11001	16
24567	43
32671	43
3545	63
8838	98
8563	20
28801	78
7604	89
11197	58
20363	11
7721	30
23445	26
16741	74
29151	88
3393	52
19882	93
3822	84
1338	43
31339	25
4623	5
21724	65
29733	44
29130	60
29445	19
5750	87
21963	57
32209	16
1908	73
31920	1
3855	68
31056	33
7075	1
6741	31
12779	58
20667	31
24118	11
32119	74
14091	53
16060	85
3432	15
14875	49
28074	33
20476	44
8329	29
23072	56
15787	79
14893	23
10681	47
24176	97
6139	47
21083	5
27621	97
15722	2
12581	58
11891	13
24834	2
2702	21
25141	82
15891	94
11400	91
13162	47
19410	81
26260	20
13874	37
32195	43
6038	4
28245	74
26867	59
13063	34
29617	9
17226	95
21051	55
9458	10
9405	17
26819	97
7531	84
30591	38
18915	77
6272	36
10133	58
23569	19
12078	50
25333	85
10103	3
10722	31
18990	38
23258	59
9658	75
32683	2
15568	79
6135	30
16742	75
23188	79
31357	4
7469	84
31913	16
20061	34
27504	69
28102	60
3529	40
19149	94
10844	20
24065	2
28773	88
6747	37
14398	95
27352	25
13043	79
1563	79
17022	69
9492	96
15477	43
19178	69
22348	33
31635	91
1662	15
19420	75
9273	86
28888	79
1892	63
11749	65
6932	66
2003	42
18631	45
18630	83
6407	74
29681	7
26177	64
6459	39
27633	70
22630	74
28782	85
8290	68
20997	43
8890	52
28703	11
23661	35
20386	28
19601	74
1497	13
18058	38
30581	22
4287	22
24979	17
530	37
205	66
24459	7
3760	30
10481	11
18493	13
7746	34
20538	64
24917	9
5752	22
32255	78
2401	4
10393	46
18792	33
30137	34
28211	59
32627	24
15248	41
11149	25
30875	45
25436	56
1443	14
22861	91
23967	9
16704	71
30308	44
30792	43
32469	93
19814	31
23743	89
16474	24
5158	15
27809	12
40	81
17975	26
2503	69
6840	46
25395	58
17651	0
20083	77
31250	1
11381	50
24277	57
3565	34
30885	86
20889	14
24925	55
5045	73
13855	96
24773	86
22675	4
21001	10
5974	15
1071	63
32145	11
18718	39
13037	49
7162	0
19539	70
19103	32
839	2
2645	61
19645	31
21862	55
2480	27
3542	15
23277	65
1401	89
20169	31
17939	29
31426	58
21575	58
27700	83
16002	66
684	79
9507	55
2944	60
7058	100
10677	18
23041	3
1623	47
17929	33
17615	12
27759	94
5093	1
12448	76
16224	22
18133	59
12170	95
5084	92
6923	17
23024	53
9412	9
15407	72
704	44
10891	15
27734	41
17998	68
15621	23
21376	14
18108	100
26068	3
2438	76
14318	68
16339	31
4632	66
13787	68
25020	20
1988	68
13642	14
30104	8
18509	38
19761	69
14804	24
18842	90
31620	0
1187	12
4591	76
656	67
28411	41
18738	38
5507	28
10951	73
24958	89
17013	11
21060	23
25402	53
7373	4
15275	15
10761	15
32729	38
2451	76
22570	86
23407	72
28440	82
21409	24
4360	17
20654	51
14523	19
6766	10
26632	97
20666	38
8160	80
27091	47
31687	84
28317	27
13388	0
30466	16
26919	78
21267	21
24314	59
24007	6
9722	46
15463	0
13793	47
23043	66
16626	48
20620	31
8964	65
14693	61
13000	92
7551	24
10943	0
361	73
11434	95
25563	61
23888	7
1430	73
4074	3
1981	68
16292	17
27123	98
31461	60
17369	20
14179	79
19914	80
5936	51
31453	33
17981	90
6816	65
5385	21
17157	98
8310	48
13171	43
32764	77
2047	57
27311	34
53	0
22740	7
24320	35
10998	22
4489	37
8388	47
26919	79
14609	41
22716	38
16853	45
24593	1
14854	32
12294	35
146	88
10428	55
29421	64
12033	21
25329	42
2208	94
32506	10
1897	9
14469	79
22795	95
13509	14
26134	36
12258	68
21693	3
18140	85
5174	88
9551	69
23492	82
27530	7
21710	69
5809	1
18840	1
6120	22
14962	74
26807	64
14713	42
6693	70
28995	87
26946	13
21768	61
7954	94
14633	61
15127	4
2340	42
28400	94
3154	27
5831	85
15623	45
28029	12
11754	14
3293	10
26528	40
10555	27
7452	83
13640	46
7986	49
1539	81
10312	91
30731	50
32557	7
20170	97
7301	62
23332	56
75	98
15026	27
19801	29
441	47
7918	23
12628	67
28854	28
18569	60
27577	62
23115	62
2872	57
11153	91
25197	64
17411	55
26781	71
24828	87
8965	45
11715	53
23684	87
21840	25
26900	60
16633	48
18281	54
29910	65
23901	85
17860	50
7137	61
28233	56
7603	56
7879	27
24593	25
23234	57
5906	40
6188	28
26484	73
30435	94
3582	80
22005	36
16589	37
22850	74
28956	54
28042	38
5225	34
21016	52
21006	88
30335	92
28313	46
24618	75
8339	78
7846	76
12911	19
26358	82
990	35
3413	20
12472	8
4641	91
28213	58
8695	52
7993	9
4640	31
18125	10
23000	59
27692	43
7717	1
17893	34
26925	91
10748	22
26444	49
24353	17
21346	18
3904	37
26886	43
22056	12
3751	100
18166	61
17093	56
22912	100
32444	1
3328	96
1768	74
16296	51
21244	42
21219	10
10984	56
17014	39
5032	14
26814	81
1219	50
21683	2
27252	51
26248	17
424	39
28148	77
29271	96
20877	4
484	14
26811	81
6798	71
14890	9
1549	38
20173	31
26865	67
19911	21
6508	0
12245	70
10106	81
6421	7
9647	33
24122	48
18706	89
30345	29
7118	38
11836	87
4510	58
25880	69
7741	34
4949	91
19785	36
17204	76
6227	50
14286	76
8979	100
10758	57
28410	63
27296	32
20122	5
25836	97
13976	65
32652	34
19751	14
16693	23
6716	78
32125	21
18939	30
12826	75
24588	2
14108	83
21979	81
1280	14
14062	23
10677	3
13785	1
8684	37
14709	80
15945	32
21860	34
5190	21
21005	8
18675	13
10130	5
22482	3
27754	87
25215	90
940	24
9707	71
8237	82
30792	20
18682	55
16129	68
16600	49
11857	80
21968	95
27732	14
32499	78
28583	67
7640	68
13810	63
1663	10
18677	47
27553	40
2286	71
18075	98
26984	21
6504	37
18913	58
20084	21
26053	5
19750	26
4006	83
27505	47
6599	10
985	35
592	40
29855	83
17342	86
30742	40
6767	3
28505	7
13924	58
12239	47
15492	36
31036	33
15618	66
15712	20
27841	31
9034	37
3523	62
32736	19
5893	30
10844	52
26200	46
28325	49
10006	33
14541	23
11980	9
15384	63
27936	43
7523	3
16040	48
23483	51
2670	38
9088	26
8266	100
14199	49
25191	1
30858	88
28290	28
8234	67
19402	58
19095	0
10350	41
17776	67
32301	56
3164	85
6038	72
16561	1
30643	40
2647	81
9290	80
32618	7
22284	4
15675	29
13371	59
6336	99
26034	50
1436	88
28504	51
23105	26
20065	93
15579	34
1771	3
6140	71
15319	34
18259	45
23283	21
3012	53
23501	80
5059	40
6595	40
20416	25
565	95
13310	60
13787	55
16439	70
26804	59
31441	85
19974	87
20633	9
18018	8
19252	38
25524	98
8144	21
15296	59
1205	99
31641	32
22471	98
20217	97
14624	96
1157	91
9275	29
29789	87
6003	22
8326	65
19649	50
24346	15
14336	48
11323	78
15896	79
5692	6
13795	15
8315	37
3760	86
2534	91
16806	17
10790	3
19066	88
9425	72
6450	85
5193	71
4593	48
5638	18
4345	16
24696	28
22632	90
20183	81
6753	74
10600	71
19861	30
28963	36
29554	65
11211	78
15966	38
10698	29
27587	6
4464	26
30946	58
13165	88
27297	63
23194	60
32715	82
32106	93
8833	36
415	80
6354	16
13079	11
7592	85
13509	67
658	83
7997	91
4120	7
16984	64
23953	93
10199	53
6844	71
4879	100
5259	52
24075	49
27607	99
20128	3
20481	99
24168	6
26793	72
1697	37
16641	20
32097	73
19555	80
930	51
20279	65
31754	14
26701	63
4231	7
30260	11
16657	42
28981	95
24618	11
24061	50
20990	6
1563	92
26928	17
31447	37
2222	0
23577	17
21547	9
16464	9
16653	100
15255	52
22512	63
13201	41
31506	79
15023	71
8250	42
26850	5
11520	43
24798	16
6784	46
14462	63
16859	84
8172	6
17683	29
13976	33
39	74
19997	58
23675	8
15020	71
21735	69
3480	54
786	99
522	64
16085	58
19735	78
16096	44
14752	16
21982	71
19919	66
27065	88
31496	25
10976	73
23202	74
28564	27
2257	47
31654	68
7298	60
30510	99
22033	59
30499	100
14376	47
20703	36
9515	9
3566	74
8437	8
18364	75
18908	39
2814	45
19752	5
12525	27
23179	49
28838	96
14145	32
21839	68
23762	81
21970	18
22708	44
4429	59
14663	55
16259	47
2514	58
18170	90
655	12
12936	17
29427	11
32371	97
23461	52
31102	34
31463	93
20595	81
2406	100
23305	74
24223	4
30519	66
31585	53
15444	38
24087	21
8596	59
22492	7
27590	12
10886	32
25686	2
22313	11
4101	65
456	65
26074	83
31274	85
30511	1
8971	58
8174	89
26658	24
16983	70
2232	60
21480	36
32702	32
10557	7
5028	22
3332	64
26467	8
21074	48
4983	53
19714	82
10425	96
31467	35
22619	52
16128	51
9079	74
27587	51
14825	51
3220	36
25456	8
30134	27
16208	67
12589	51
9694	50
29372	46
21702	99
26539	5
6637	5
1827	19
14899	92
3644	83
10378	63
7952	49
5915	61
7288	59
20333	77
25656	65
24524	9
1984	24
23396	48
10202	90
30665	8
12755	4
3554	51
31999	41
15733	2
15793	57
31175	85
32501	9
27395	17
26291	72
9072	71
8	33
30876	88
13803	82
12289	83
7299	0
27602	6
12729	38
12274	75
28134	45
16453	9
25518	52
20695	49
23144	85
21907	11
20645	57
628	57
15535	79
3716	100
16158	55
23296	29
24526	44
3445	72
26588	36
18104	71
2942	36
14852	71
27842	38
20135	56
7328	19
31741	42
12779	14
692	28
26099	0
22405	39
29959	5
21228	7
21778	69
22148	53
16125	39
25616	72
6064	66
27479	100
3005	53
11105	14
15638	57
14518	16
17508	59
23978	14
4059	30
27362	24
26518	4
32143	33
9190	67
3603	36
31768	19
5396	21
21665	94
3617	85
10668	85
26224	53
12158	94
19312	27
5169	70
8211	46
1711	44
28960	71
21754	83
24565	46
10273	88
30837	96
11886	94
4640	49
29881	13
1411	52
21984	34
30336	43
21457	85
2334	52
28592	61
23017	23
16117	28
21505	52
6562	41
20072	24
25050	2
1852	42
8061	82
28366	57
2718	17
3554	33
13799	3
31098	65
26182	41
3059	22
22399	24
20070	20
17780	40
28295	11
8252	63
7285	47
25960	0
2364	24
17157	10
18938	79
31033	49
27873	39
30096	80
25739	29
28499	66
25442	21
28287	83
9223	73
12083	67
15606	71
20920	85
19685	34
19298	66
23175	57
9988	44
32190	94
25519	100
8545	38
14058	37
13341	92
13232	50
17438	60
27085	65
5253	22
2426	76
3281	39
1348	88
16835	38
8351	47
5233	69
25529	56
20342	4
7528	10
4999	82
581	89
7131	94
9299	22
14363	14
201	61
7389	30
18895	61
11483	33
28752	12
27740	75
22070	77
15756	59
2980	44
8124	49
6667	2
17590	92
13870	61
14000	86
20084	88
20106	71
23826	74
11592	41
15865	43
7446	65
5771	46
32057	61
12670	15
31148	16
7043	36
6763	18
23934	29
32655	78
30582	39
14024	94
19337	24
19424	7
2695	42
22851	94
31744	92
16071	26
14819	82
5158	41
15374	66
14820	31
27222	30
26271	87
27625	50
2039	12
8490	55
5517	53
12618	17
22990	60
26439	91
1927	67
21033	48
1135	38
19080	32
28717	50
13245	47
27782	55
6491	55
22195	13
14771	59
19217	61
13467	57
17322	10
429	12
14153	32
5041	13
8720	46
14077	33
8658	61
22249	8
8090	95
31395	57
11558	93
1041	88
6209	74
7043	7
3902	20
18775	61
22794	39
6890	66
26754	86
25188	79
17945	25
14659	86
15347	0
31668	73
12280	7
1813	93
29846	100
12344	12
25636	31
13888	96
9251	29
32046	29
17624	39
10103	16
26350	89
18494	16
29726	80
28672	71
6421	94
21465	88
24082	36
21419	9
18666	98
15822	5
11896	83
28432	14
4770	94
25645	40
32128	13
3596	56
20799	81
19552	16
16344	13
27261	34
20666	83
26758	100
17906	17
20284	9
28021	79
22290	52
22167	15
23387	8
19679	88
30884	6
12460	67
24992	49
7016	81
30759	19
67	28
8256	51
31655	90
8491	75
4836	20
19679	8
4809	36
8324	52
22301	84
12488	55
24124	60
2851	59
29511	69
20840	46
16028	45
18227	62
32666	17
24848	63
25565	42
13175	80
12147	91
29676	20
1721	79
10466	57
30180	68
13629	7
7004	2
12920	71
29052	7
6366	58
26958	38
5987	16
11096	30
17653	77
13472	20
4953	17
30057	10
12280	18
25690	60
22828	67
29703	56
12003	84
21027	56
15282	32
7863	24
28599	61
12081	23
6358	88
17464	85
7221	55
10867	50
25343	83
24019	1
8411	45
17405	13
25760	21
15842	38
21535	37
31155	22
6688	81
26017	85
31210	61
14648	48
15851	59
3637	85
24407	56
17177	66
25304	52
12537	68
2732	53
27445	18
14526	57
6928	64
15257	60
25199	83
22353	20
22567	81
14255	78
30103	90
11073	79
137	51
7970	96
28052	48
24981	70
13929	24
17859	66
31958	38
27972	67
24171	68
19511	56
26107	85
788	30
24435	18
30076	21
18367	12
10167	22
30129	36
29854	64
14889	96
11299	65
25836	47
11957	50
10482	1
13361	43
5646	33
11554	85
5945	74
9081	76
27632	63
15369	50
14437	86
3179	60
23399	70
28945	41
2649	67
32177	51
4750	26
5722	75
23774	95
18884	70
15189	66
13759	93
29260	64
9421	30
9546	39
16461	30
9594	0
13502	65
25254	75
3586	68
16616	14
28592	31
9370	15
12746	70
29482	88
25726	72
25306	50
23990	46
3223	100
18849	100
6762	76
21374	1
29235	55
28237	10
12200	83
7481	37
29145	87
27085	82
16282	44
2650	73
25516	25
9499	2
27769	81
11502	11
17598	70
6851	71
29053	71
21267	68
14081	100
26872	46
2538	51
14523	62
4718	66
4599	88
30554	35
28066	68
29556	82
1692	73
13132	33
11149	7
29348	66
22338	25
6125	38
6340	4
29081	68
9951	80
3110	93
13009	100
10540	66
15454	66
32485	52
23930	68
25816	97
20031	81
15791	71
20987	44
5994	74
25709	44
29285	94
27272	41
13549	94
27743	62
21590	64
1538	29
32212	83
23409	5
22662	80
32759	35
10089	2
31620	74
27964	73
30943	73
3445	72
15827	48
3281	5
27285	55
22832	39
12312	0
13239	92
17683	48
18795	14
28639	29
1479	77
3954	7
2043	23
14377	60
11983	47
18720	97
14439	1
25924	47
19035	83
1890	35
11221	98
2792	22
24258	10
2829	68
26162	34
30870	92
14196	60
19072	30
24736	39
18477	43
10882	95
11237	21
13604	5
21197	10
5485	13
27560	42
8079	23
10224	60
7475	30
27446	60
32684	18
25286	85
32151	59
25594	87
18604	0
31184	6
29616	5
14996	6
2510	94
25791	100
4020	24
28251	31
31825	37
13454	7
31238	53
24853	46
17054	82
31197	68
30589	97
29429	61
17585	25
5520	46
14581	82
11989	19
21960	50
20392	78
16923	67
692	21
3919	64
20576	28
29556	20
16498	84
3338	57
22411	52
943	15
25290	14
30339	81
20012	13
29740	60
21135	83
437	16
3671	36
19659	98
10282	30
23290	96
32071	8
11001	83
9555	23
7730	35
21439	35
28664	9
25358	58
19764	79
12452	91
6766	79
28649	75
28537	67
20955	87
5937	53
23155	100
18182	41
3936	90
5456	62
25599	44
18074	2
29863	13
10597	93
22426	45
13592	77
5175	31
19481	28
16713	93
10806	41
29059	71
32759	96
391	73
20583	73
7435	12
10869	65
30973	16
6149	71
24243	55
27711	82
18563	35
18370	72
2658	96
1221	62
24919	0
5712	10
23263	54
3336	26
24988	6
14670	83
28391	52
5537	60
30997	62
5494	60
17554	96
29714	16
21026	61
31748	25
20199	3
19280	17
15098	61
8553	59
444	35
7055	48
2858	79
14640	93
28627	95
25936	100
333	70
25391	71
22322	11
11176	67
5388	96
22002	37
14274	3
25042	25
31065	80
29284	81
20523	42
4088	78
19175	96
11455	87
7406	37
15165	77
9964	36
30389	86
13763	20
23821	94
9754	77
5854	21
9524	62
30120	36
30682	60
6500	13
5754	37
1516	96
6602	61
17901	24
30102	23
31843	45
26489	61
18121	6
23987	61
24972	14
32353	69
27996	34
29115	17
20333	51
12837	40
16333	4
31544	18
88	69
3340	26
15343	18
27500	94
253	10
6332	80
31599	14
6834	11
20912	41
27450	90
9535	17
25111	91
763	11
13345	32
22593	80
27444	77
6502	17
17953	99
31543	20
21070	24
17541	62
22715	37
7658	31
30383	93
13635	81
32315	63
22425	77
5446	20
8045	40
2549	27
20132	9
2429	85
12930	40
25283	68
21880	48
20570	36
5560	29
32189	33
18621	61
10713	13
13137	62
32058	79
6846	36
29831	72
24351	59
12295	79
14360	73
8034	15
9301	75
27879	67
12709	34
19952	62
18064	15
1610	6
22443	91
2718	78
16933	9
21072	95
12864	40
9050	63
22444	35
768	98
768	50
3187	92
28364	59
19140	41
15346	69
26031	10
23624	50
2344	70
6070	55
32174	45
22345	92
31699	13
16115	71
28541	27
10733	39
12229	2
9983	52
13950	59
26897	84
11986	17
5584	90
21622	45
16218	72
9566	34
30498	19
26103	58
6025	19
31833	75
28393	80
16624	69
12800	74
9086	100
21753	83
31121	92
29071	73
1991	34
1523	79
26980	12
27523	79
29235	77
13682	40
5289	60
1776	37
19131	87
11638	72
2545	23
14141	77
31633	51
10000	16
6141	40
7665	66
28827	85
10319	25
30168	76
8125	33
28463	31
4969	92
14643	55
14537	3
16911	23
21293	39
14080	85
7234	7
30118	52
20648	44
10832	16
27427	40
8324	24
7701	56
15729	25
3650	80
29719	15
778	17
20803	47
32670	72
4524	30
21984	4
7898	76
3815	95
24485	14
20066	41
3930	2
27982	44
23290	96
15802	34
26126	14
3215	72
8437	36
22424	70
6345	36
7483	31
11560	39
30883	48
29313	59
14409	33
1970	31
5668	18
23592	15
32735	71
24499	31
17135	81
26573	99
17245	79
19981	32
30101	14
31219	54
29355	7
15452	55
31688	45
11569	1
27843	65
11319	58
18190	7
19467	86
30080	78
23207	43
32425	83
32014	89
24232	8
31720	77
709	100
32050	17
12344	55
2910	1
19683	91
1131	77
23535	97
27609	62
22917	15
12432	71
18461	31
21517	82
1818	90
4721	96
15788	33
17227	48
5675	3
14642	64
1390	39
31365	8
14022	87
22509	87
16552	17
13697	18
20267	19
24968	17
18655	62
8283	16
26549	51
14035	9
8930	9
17728	95
26634	84
17125	62
20760	97
28264	70
4486	22
8631	50
4362	58
14419	36
25315	47
11521	0
20531	68
20552	65
20781	5
2900	6
25606	75
6923	27
485	40
7544	20
20800	70
16349	61
29299	36
26119	44
11888	74
21433	91
14545	86
18250	74
28099	52
8396	24
18805	74
13139	0
6676	43
17973	48
28286	96
10843	69
21298	58
11261	83
23586	56
9053	91
5491	54
1881	7
3671	5
15090	39
6266	7
27422	39
23488	93
17519	45
20805	67
8324	8
27098	82
6460	90
25465	42
17438	34
28262	68
17015	67
3569	13
25369	71
27161	38
22729	80
24195	93
5300	85
18561	72
13959	100
14613	83
19455	97
4410	54
22539	52
32224	65
24023	75
5714	18
1620	94
23298	51
30497	74
19448	31
10204	0
5450	60
32581	86
13675	43
21433	40
21567	78
8941	72
4898	66
759	53
15729	24
767	17
15927	74
31796	50
27396	64
17368	29
23833	70
21884	93
2425	43
30921	12
23922	54
10342	24
10430	59
10198	45
24405	71
21614	48
3192	70
25005	0
32171	50
27541	78
1935	7
10724	48
8159	45
9527	0
12027	1
11127	92
16583	6
29483	30
28621	47
30080	72
22229	66
5408	85
21632	52
15416	33
18815	87
17974	24
1408	54
23085	21
8171	84
24796	31
20731	99
3525	84
21727	10
5352	6
17895	95
12018	82
31719	37
3068	55
11859	4
22839	9
9159	5
6167	20
29938	67
17882	0
8738	13
18554	48
16868	79
21098	10
13419	3
189	97
23239	91
28532	7
8716	47
28208	92
4605	98
29569	87
19413	83
30583	68
20799	30
3666	20
21671	0
608	50
2914	81
22622	45
20320	32
11271	4
8552	57
14988	87
7688	93
20268	3
1737	71
10797	20
28221	66
29907	34
12546	51
30012	63
32476	85
2845	41
7774	88
6872	22
6896	9
32358	74
4	42
27649	36
30174	23
4255	29
21313	59
28818	34
21713	93
2796	65
30231	15
19582	69
12644	65
9601	49
773	78
8526	76
16782	40
16825	44
24	88
10202	38
4305	12
21111	29
11570	63
32327	99
5797	58
3777	80
32152	9
26176	21
30242	42
19097	39
2242	79
28536	66
21229	29
4638	81
32350	23
19039	87
26468	31
25316	13
27045	48
16163	96
18444	93
8080	86
20449	47
1257	45
58	54
6582	90
30270	74
30028	38
29696	9
19958	21
23248	4
22550	1
13145	7
11860	60
11493	89
17213	33
10904	76
5848	67
20620	13
19232	10
23566	31
18534	36
14694	42
32514	37
3834	12
1503	34
10411	17
28102	76
8117	56
12151	39
6782	22
12012	74
23837	55
30808	84
28277	10
11211	51
8001	98
4728	100
5987	6
9488	43
846	74
27831	1
24169	53
12406	17
30905	37
24380	69
1339	23
10951	96
2989	100
25104	47
21430	76
23058	92
6327	17
10747	75
23714	34
15406	24
21935	76
18334	47
1476	65
15726	94
23529	75
9425	3
7975	57
21413	7
8092	39
31807	95
5547	8
14684	51
146	13
10047	21
3278	9
17746	100
24592	50
24052	64
27576	57
6708	9
26632	41
17831	78
10637	92
10909	36
28540	85
26979	58
25838	1
19792	71
10293	5
30929	87
4816	95
23988	51
421	22
26966	90
20609	42
9359	32
27928	45
21866	97
9463	47
1286	28
28449	34
13883	54
15706	60
10708	95
10820	46
21378	90
28884	27
11978	91
20191	43
1444	82
6040	1
647	50
7262	92
9740	43
305	32
31863	11
24478	93
18886	60
5643	12
25361	15
6817	89
8799	96
28742	42
24140	24
16755	43
8445	43
30650	83
4705	38
14427	70
14265	9
19781	27
24263	35
32581	41
21828	37
4444	75
32108	61
13935	98
30393	88
20944	41
32304	44
26706	41
27583	13
10976	83
23206	9
17619	25
10467	83
26495	6
7694	31
14762	64
17460	28
11495	32
23948	47
5138	12
30750	43
32093	66
31918	27
6065	54
18571	85
7750	25
31261	79
14025	91
9783	15
11626	45
16545	19
22431	60
11347	18
29063	92
14426	77
21291	40
21598	30
12825	58
5180	2
6402	46
15423	16
8807	23
6091	32
9344	45
23205	92
11217	59
20760	58
12088	19
15778	62
9048	74
763	5
19616	42
12166	47
13933	91
15250	83
23288	28
24057	35
6910	67
21241	63
30074	28
24412	46
20158	41
20042	11
21448	33
12896	65
29108	54
25303	23
17041	48
5094	98
2054	11
5542	66
8581	17
18201	58
12038	26
13101	64
4732	43
11210	80
4477	57
6990	17
17889	50
16139	17
10039	55
7573	31
4195	5
25102	74
3022	99
25008	36
13790	69
831	99
30906	94
6190	14
5511	62
1439	79
11929	67
28540	49
9047	34
610	92
22971	9
2332	57
23225	76
16588	99
15857	100
27430	39
5750	72
72	19
13717	74
10756	52
31199	64
28873	83
20444	51
18025	44
22332	95
30053	34
6747	64
31634	66
16244	96
3375	82
25048	21
31168	83
9982	33
32340	59
30290	40
18677	17
19463	98
8056	73
15955	57
20461	79
18916	32
23378	5
9588	7
15199	76
1465	82
19078	95
12848	16
16757	37
24682	54
32706	65
20204	8
32136	58
22978	85
25115	50
4678	15
24608	39
4321	72
12712	76
4766	55
28458	69
19946	13
4704	31
4322	1
21115	84
237	81
14640	46
1694	55
26756	13
25106	74
5984	46
25411	69
24407	25
7943	86
8231	72
1206	100
3546	83
16811	94
1164	92
14107	25
2377	84
15355	19
383	26
18403	31
13041	4
17723	18
7223	10
30739	92
14890	39
29801	2
26830	63
22998	23
20117	54
17374	36
14106	75
25926	65
32407	39
27205	10
16845	25
20598	35
32277	46
13505	78
15311	49
30402	43
20848	27
20057	77
22490	23
23386	86
6339	6
8358	41
9815	88
4876	100
30555	53
14784	85
25976	94
8529	89
21367	12
25445	16
8086	98
5275	16
27201	7
22378	78
13260	99
28125	84
29707	97
15719	78
9428	13
8026	16
21709	42
23965	9
18976	35
11953	79
5343	16
13611	92
16188	53
17960	100
7666	38
22385	62
11619	19
16696	67
30804	11
18627	91
19295	29
90	21
1124	85
15953	77
12197	93
4112	18
27730	20
28501	32
20656	34
28469	27
18972	97
25471	46
20380	43
137	11
15812	16
27293	13
26887	94
29559	31
28630	50
10638	48
10276	82
12328	76
15385	99
26728	17
14368	35
4813	72
148	12
3559	38
28601	89
552	49
19652	42
29720	1
29467	65
11612	71
27930	85
583	97
2045	53
31990	76
3771	67
14373	43
30716	48
827	64
30578	99
5693	83
7478	94
30642	99
3577	17
3992	29
29994	98
2548	7
11881	59
28847	98
21967	82
6067	88
1789	56
26512	19
8434	61
4617	74
30990	9
6484	90
4564	87
7682	39
14923	35
28864	53
260	79
15467	65
12855	95
4665	99
14969	98
1244	58
20456	52
8428	75
16882	2
16387	27
21501	28
16702	64
8594	48
27954	26
19168	79
1137	70
7862	68
32555	39
13117	16
10648	56
28953	38
23594	52
3266	64
24508	85
22571	2
27955	56
19224	12
30031	55
10925	23
18589	49
26912	41
8400	89
15505	47
17375	3
6258	26
20159	55
14096	47
30873	71
18706	87
8387	32
16139	6
2277	51
1396	36
2585	36
1447	0
11999	21
24242	67
13631	62
7971	26
25458	18
25868	77
7905	79
15355	65
10341	81
26784	14
4611	36
8258	50
16804	38
32362	85
29040	30
30012	35
27091	80
1405	12
31330	30
20795	4
19984	53
10371	50
27761	62
4539	8
23815	18
6002	88
17089	12
25535	74
13627	96
30095	100
27238	61
5741	87
16019	72
14248	33
8731	67
5096	97
15138	87
28301	91
28451	35
7277	43
23355	74
14799	3
21374	1
8113	41
8373	67
24252	82
12623	41
20600	86
7546	3
16281	15
1933	36
20089	21
22869	63
12065	50
29672	61
625	100
27388	53
23614	70
9726	17
2181	54
4188	91
20998	98
12222	67
17629	25
21028	67
18424	47
24347	96
32382	65
32403	12
15991	88
3317	53
7270	84
1925	93
9095	25
3396	44
24813	93
4027	65
31686	28
11397	11
16218	62
13163	72
19372	78
26217	54
10180	60
22536	5
15622	2
16828	77
25899	5
3921	88
15536	65
32146	72
27094	99
22943	2
3217	67
31672	30
9711	18
21354	44
1500	92
5209	92
17500	81
6685	17
1924	78
16111	84
27103	7
29723	43
19712	49
15469	51
21104	80
2065	29
10560	98
11945	36
26842	52
12158	50
25070	82
18703	71
13460	98
12415	80
9961	51
1667	78
14817	98
27358	68
25086	21
4246	36
10282	51
17501	65
23273	49
17388	10
29338	66
24639	87
27531	51
32237	38
12027	55
28184	19
16491	64
8106	40
22223	63
7125	80
24946	86
29201	11
18098	13
30478	33
32482	30
22356	81
6127	84
18826	65
16024	1
30102	75
12384	78
15635	65
1410	44
18135	19
9354	0
21115	67
31074	74
14881	20
18424	91
30702	94
14020	53
20979	21
2007	7
19066	49
30524	58
27629	7
27602	2
20187	15
9188	72
7613	45
22831	66
11659	14
4117	64
21321	9
29738	66
15881	90
22629	16
6685	11
15249	39
28008	18
8672	51
17942	24
15008	62
19483	20
13705	0
23375	8
27934	67
20224	37
13331	85
26955	23
12728	11
4010	88
24027	24
17252	95
26269	84
6130	65
11049	69
17011	51
3162	30
1215	16
12455	67
31680	39
2807	2
3092	64
3106	69
6444	52
30033	29
12891	24
21887	12
16028	65
26297	40
15089	43
20479	19
10408	80
22222	43
8177	63
22454	72
28803	57
32663	73
7492	45
18249	64
8493	71
12771	43
6888	54
20967	0
2519	29
13285	15
640	25
3465	45
31126	85
1546	65
19484	69
10605	91
20556	29
10782	85
20042	34
3279	34
4306	48
18590	70
7516	43
23017	71
24681	48
20575	9
1531	3
4397	26
8035	81
27743	80
28396	1
20673	93
1804	2
27626	8
11808	49
27707	35
30942	46
30961	50
7426	96
22686	89
27365	69
14502	50
30716	39
10388	93
7535	44
12891	20
21834	90
5356	68
1528	84
6300	38
16131	2
19797	61
6996	33
20618	77
15460	76
3420	20
28445	26
21370	5
22110	69
12707	90
16479	62
18126	2
25443	28
18787	90
29569	9
26130	33
9836	78
24611	67
7030	59
7001	14
3406	28
31673	31
37	100
25049	5
6718	91
2690	44
19989	1
20165	20
17569	32
15837	14
23388	25
23658	12
23832	25
3309	11
11721	0
21389	41
16587	35
23438	16
11855	76
28419	48
26612	67
407	89
13748	3
5521	95
7087	1
11858	100
24187	75
17925	33
24320	39
25656	1
18446	7
4500	51
22309	3
2289	20
14127	5
16502	97
16157	38
17803	24
16288	33
31935	3
12920	4
13048	73
25361	61
8064	72
23392	73
3789	93
20809	13
31774	59
20456	57
29753	5
13720	33
17905	20
10900	14
21827	60
15739	66
27680	40
10792	50
12359	24
17552	32
1979	62
25780	56
15794	80
20925	42
14361	11
23007	87
4605	59
20892	29
2420	38
28786	85
28647	82
14889	85
16834	44
11048	23
18166	62
941	99
12245	60
8373	64
6703	83
8941	81
22710	5
788	47
19220	30
28814	18
7997	49
16917	2
1245	86
10699	45
16884	59
5413	39
17403	16
30298	32
19245	43
30815	53
13770	3
8091	77
20321	4
26835	36
27796	86
25858	40
5580	96
27670	69
9166	0
6598	16
1861	20
12041	46
4237	53
30667	60
32610	25
18413	75
31306	61
21452	61
23500	14
26535	3
6102	84
7883	93
26079	58
1616	98
27807	31
24765	86
29317	89
22272	58
8740	37
6257	70
21587	27
3802	91
6582	32
11457	44
31716	34
19291	34
12912	91
23292	21
25205	21
9183	13
32632	92
20114	0
6849	2
12915	96
27255	27
19968	81
9246	62
8162	30
32341	11
10494	34
23513	55
32505	38
22073	11
21479	48
10446	98
797	40
27840	98
23656	11
15690	30
24079	78
18300	14
9067	64
2852	19
20734	56
15023	84
2118	100
17945	50
15565	20
16712	74
28959	57
4200	65
15781	4
9501	24
23714	24
11694	50
7614	35
29546	15
26854	67
22530	12
11114	0
31114	86
31643	32
4948	1
15970	43
17908	51
30584	87
6914	1
30803	47
27000	97
10980	51
17852	46
3243	40
29881	11
25570	64
31641	51
7072	15
28141	34
21826	34
6777	34
27778	39
15060	85
14597	58
25756	28
4930	15
15094	56
23568	31
21891	72
19778	81
3616	14
32532	38
30982	41
8541	14
17184	84
14524	19
8374	16
3897	91
27327	51
17688	59
4980	58
22988	63
19199	58
28233	57
4946	3
14636	6
11925	31
31342	4
21929	94
32667	49
3241	61
19149	88
18811	33
32210	36
1228	40
6213	93
18442	45
12940	95
27449	75
30963	95
3000	79
4438	59
24912	30
6946	72
2337	43
27797	93
13903	19
24952	53
1654	14
20183	67
3154	9
19550	8
3356	26
20318	67
32140	68
23728	71
4485	46
11754	25
15815	9
23461	4
27981	3
16838	86
29721	58
13312	92
1943	83
2069	50
18664	62
18551	100
18345	55
23901	8
25632	67
29539	42
11718	61
11859	33
22449	76
7081	60
11852	33
11240	26
12879	7
2792	26
11021	39
20116	50
13925	3
28899	68
9969	1
13538	42
29017	61
16432	86
4044	22
10556	20
12039	52
20513	83
14972	90
23288	12
1399	20
28658	0
27975	95
5794	43
29920	29
22324	32
5235	42
2443	68
22497	67
8057	60
32037	25
23697	80
8189	3
13120	62
12926	31
12848	86
6744	24
24098	25
22771	56
21448	89
14512	80
27198	96
9196	26
6704	87
6813	39
30433	74
16800	86
23932	46
21260	57
29817	88
22831	62
30730	93
9721	58
29116	17
30465	58
10450	47
14956	23
9747	86
861	30
24814	32
31926	80
25932	60
8012	1
18536	27
11499	14
26752	98
944	50
1603	55
21922	13
6209	69
16031	49
6091	54
9963	90
17415	10
27397	36
17184	31
29073	98
29404	97
15993	9
28928	20
16016	15
14662	22
2398	10
31188	76
16089	83
16500	94
1341	81
12798	76
3908	96
27308	55
3425	98
16736	19
3285	68
16628	59
7604	34
4655	42
13619	19
5631	13
13273	57
25338	23
20325	54
2650	71
28298	7
18421	0
22734	52
24022	42
1842	65
10122	68
29291	11
14904	11
462	85
32289	44
19018	72
25375	61
12032	39
29998	47
15693	64
30516	4
23668	33
6523	80
11552	32
11928	76
20343	49
15544	49
18040	55
17034	7
26068	4
20032	60
13197	25
27223	54
30962	93
14124	24
30425	65
6535	37
24363	82
1437	5
27154	22
27460	48
10094	89
29509	90
7524	47
26381	7
27415	95
4919	1
4850	36
2716	22
21006	21
13039	33
4751	89
17684	71
9502	75
15012	7
4537	72
20334	1
2710	16
6349	32
27606	50
3621	79
18725	82
1265	10
26289	15
26655	82
11506	20
9651	97
16182	84
16095	50
27387	42
26140	73
14957	92
29672	88
7855	94
1578	95
30388	31
10100	70
15822	54
12953	40
31041	82
7253	65
7807	13
12273	26
13270	29
27946	52
27570	0
25808	60
32453	3
32454	96
9143	99
20344	41
17191	49
23517	54
32031	100
12955	63
20823	69
26096	26
19922	18
1381	24
8117	92
1914	43
20593	20
29386	87
28056	77
21339	31
25582	24
29713	70
1684	58
15748	60
8552	87
21153	50
8685	65
22755	93
25676	26
7434	16
6746	44
18064	100
8360	23
23382	62
31230	25
16953	52
9170	96
3729	46
5794	36
30667	3
6969	11
18326	69
14904	31
3681	88
32138	44
24859	6
5004	55
5233	29
12806	84
10495	55
27468	87
14644	22
4642	18
1234	17
22842	14
32597	45
8544	14
23973	31
30127	91
21725	90
5996	99
24339	42
17235	83
15454	55
6266	31
21903	5
19738	1
29534	63
14302	60
14320	26
13441	66
16902	78
8428	42
10297	47
11274	85
24586	13
529	15
30637	21
6645	58
6875	24
5682	58
31250	56
24383	10
10507	17
26692	71
13381	30
32480	55
22271	72
11564	86
12798	78
8511	74
30939	31
20440	93
3812	2
12281	6
19882	83
2973	64
32467	8
1491	90
16333	92
12499	41
24940	46
28411	85
11942	18
28591	42
11486	40
30086	60
11652	31
17760	87
15347	74
13862	42
25552	67
26476	4
19293	3
14635	17
31352	88
18763	91
12865	19
3004	39
17051	78
6212	19
8708	38
5462	38
374	89
18823	28
31061	86
25988	79
3470	55
5772	63
30330	27
30175	27
10527	59
938	18
21727	88
7240	19
17859	5
19707	63
8667	74
10597	45
7526	27
21870	11
21700	4
28505	51
19560	47
29740	77
30262	82
11463	57
22804	2
15408	79
25247	24
6152	83
21568	83
6689	0
29711	12
1706	58
32581	62
25714	7
7997	95
27948	80
8994	77
14781	47
20444	29
13048	31
1258	56
18779	38
4127	81
5793	76
9078	65
25159	62
18313	53
7773	30
10824	45
25652	70
7418	11
20676	43
17852	44
28396	30
18422	67
12746	14
17526	75
27626	27
23863	63
16378	19
12807	9
20027	89
25206	57
28149	73
22241	38
9361	59
13685	67
21545	91
18812	46
22952	9
4688	75
5845	1
31945	88
16093	72
17669	0
15420	100
30678	3
15628	29
21056	53
28456	32
8898	99
18345	24
9067	41
27041	78
21732	4
28193	12
501	36
1006	13
4150	1
10098	78
28129	24
9164	81
5639	58
13321	19
7058	21
2029	89
16608	14
12763	9
9429	58
11187	7
20406	83
16070	52
14639	38
16174	27
3665	73
17705	4
22888	24
28498	69
1788	17
20161	47
27224	28
31356	46
10605	15
31174	51
10992	42
19751	75
4854	49
27718	18
22923	60
8938	0
25581	67
25024	27
5237	76
26549	3
20056	80
12036	33
16827	9
21836	92
18908	5
22601	69
2613	65
2307	71
6375	27
5519	64
13266	29
3514	80
2844	88
24886	47
26402	91
5659	32
10494	98
27871	14
11304	16
25363	6
13536	94
6275	94
10849	21
4750	68
11532	8
18385	92
30735	32
21110	59
15154	52
12747	87
1227	13
13293	38
15634	48
1699	6
27465	78
6856	60
21100	23
2002	30
13933	37
1359	52
7208	27
28282	41
25998	72
10291	100
6337	35
15357	24
15369	26
6864	43
18934	26
20702	97
10250	66
4004	81
4020	32
26071	9
19605	78
21774	93
25661	18
17210	65
31450	30
6730	64
26013	69
21132	93
9914	64
13484	94
22606	85
26207	74
8852	93
24859	98
3881	10
21615	85
11861	92
15825	7
25743	36
15872	41
9662	82
30800	30
12504	76
8822	85
23031	76
27559	66
27132	9
6197	74
25172	5
10982	20
22655	1
18362	96
28774	68
13279	42
3490	94
1274	64
29508	41
17950	61
1734	27
8954	21
5659	76
6698	80
10787	61
23983	49
26100	47
29948	88
2218	20
30231	50
10948	68
21439	11
4407	0
23704	26
16313	45
11209	26
8442	72
1432	60
30402	15
31450	57
7463	11
17500	19
21343	59
9107	97
475	83
18469	46
10410	40
21049	14
4689	98
6025	73
26277	92
26026	28
5702	52
9742	34
8902	12
6303	24
20649	11
24588	7
10176	26
26403	19
7047	65
18627	70
6291	79
27731	52
21813	87
1723	92
29398	15
13399	50
2750	22
31323	70
31811	96
16031	56
2959	22
15053	52
26498	7
11362	76
21088	74
5392	42
15418	57
22356	75
28516	73
26974	55
20053	88
19622	40
24500	51
703	45
20627	39
26691	9
32249	36
17646	13
20049	16
3144	80
30809	26
19563	58
6298	39
12483	6
30627	69
23776	24
29294	83
18352	74
25532	75
14777	97
2129	42
12592	91
29004	24
17662	70
32535	65
15371	6
25764	43
115	85
9710	86
28264	37
13811	67
19697	34
6060	93
4810	37
681	77
1030	12
22361	26
17742	22
30762	10
18380	67
13311	53
32035	18
9142	0
9478	96
32689	97
20041	22
21400	100
25472	72
26073	20
24461	63
30093	100
8359	98
27846	12
20676	6
7799	90
4199	44
28276	19
3398	14
10049	14
68	36
5278	69
18093	29
2837	95
30908	13
9217	18
5071	52
29372	8
6363	88
8946	33
28664	7
6484	5
2078	86
10018	83
5740	95
30265	41
6797	35
22191	73
30236	7
22572	81
787	61
26735	11
14758	18
24008	15
12320	96
12152	80
8082	47
30502	83
11905	12
32243	92
7883	18
23759	25
11902	82
27425	36
4955	81
10210	73
1845	54
18605	47
28523	0
30597	70
21557	23
21300	33
11385	67
20368	69
2398	6
27154	48
30939	19
7287	72
6391	97
23150	21
23923	84
2168	91
2064	77
2439	79
22452	24
3589	77
3354	99
2624	7
9172	30
29556	6
5315	84
27114	73
13138	6
7140	30
18711	78
16464	94
2987	92
22898	14
30420	53
20232	28
2391	75
11420	24
27917	54
15352	51
17162	64
7413	97
13057	75
13094	89
2344	83
5898	30
12349	70
31684	70
15752	5
31635	60
8944	98
19579	11
32621	85
19421	43
141	98
27382	34
26561	18
8054	97
7334	46
25265	80
20883	15
20250	38
12807	61
24323	5
27347	97
222	51
10770	12
29802	92
2380	63
410	80
15962	28
25878	53
32737	73
6043	80
20610	91
11447	53
28683	99
14985	12
5206	71
24458	21
21394	55
23701	95
26666	78
10401	82
14987	56
12519	28
30578	9
29554	57
31121	75
6982	25
930	36
3234	66
17479	92
13577	98
28488	25
17938	41
28685	71
4925	23
26470	80
27178	6
23296	19
14870	72
18197	75
2661	11
13112	60
27035	86
4439	81
29981	43
6717	16
12172	38
7483	86
24216	97
24777	72
27287	97
20535	46
2386	42
22212	4
10939	30
705	8
31115	78
27516	50
6907	26
27438	36
20	96
6692	34
24647	48
10959	78
10325	71
24207	5
6567	48
22857	82
21922	8
11821	92
28073	91
10805	24
7103	56
12613	75
20747	31
2296	29
7856	44
14452	25
29356	75
18147	68
1477	18
10853	44
30896	57
14222	66
19942	12
26066	1
31474	35
22385	62
1819	88
21434	67
26286	43
22723	77
18782	28
9699	75
14190	40
12951	78
27812	57
32147	95
12596	34
3635	62
20520	3
30346	63
2025	43
11955	57
15610	7
21058	100
8198	12
11998	56
12232	20
16233	34
21632	29
12615	29
5611	55
31134	84
28152	15
24232	80
18868	38
15723	32
14114	69
20090	26
23032	5
19587	79
23158	24
13784	80
26841	81
32317	15
29973	65
30869	13
11734	32
6223	61
2813	86
30875	43
26389	77
27598	87
18544	50
16262	85
17903	48
29286	87
15521	74
24193	42
8892	63
26581	61
31136	94
8287	30
992	36
7085	82
17799	24
27132	45
17430	61
30537	84
18662	1
25814	51
25595	72
29712	84
26219	10
20454	15
21213	60
32232	6
10197	45
4804	82
15044	8
32253	86
27674	39
28410	51
7105	53
2483	62
17110	0
27559	27
17014	59
29160	50
8438	39
22360	45
26086	87
11886	20
23205	47
31778	22
30845	23
25032	25
3702	51
25091	68
30818	16
28963	13
28115	30
15226	56
19196	1
27799	7
3749	21
22629	100
28609	43
17310	9
12868	43
15130	68
5702	69
468	23
11681	68
11207	57
25476	24
4080	58
24241	41
26126	49
29287	70
13570	1
23324	81
15580	84
23452	87
21486	33
17446	22
20617	50
20634	52
8488	20
27613	100
13109	77
5617	53
19633	14
14211	9
5985	61
26834	95
23633	7
27453	69
25804	85
7135	33
12822	92
19196	22
20367	50
30516	86
31500	16
15532	50
19835	71
10165	50
573	36
22427	35
1458	95
18841	14
9195	14
3371	64
5764	12
23095	28
23820	56
22203	13
19851	12
7439	90
13062	16
5330	40
11785	15
16411	69
28587	2
2957	64
24961	82
19287	60
28022	72
10314	57
28307	82
10125	25
28679	87
31893	61
21020	64
18534	36
17629	92
6738	30
22158	3
17837	86
10322	50
15659	13
17804	35
28645	28
10971	75
27964	74
20425	88
11278	56
4735	14
1789	38
18209	38
8883	21
29848	92
21615	61
1784	63
3640	93
969	2
9097	76
9938	89
13409	16
20031	30
1508	26
21299	94
22308	16
26667	23
9638	61
26809	28
10419	99
15999	8
23467	58
11639	15
3780	97
3559	10
29434	7
17555	43
16676	93
14858	17
17766	3
14370	45
3963	98
257	70
7555	73
13635	22
23136	34
18199	42
2507	16
22137	47
2975	42
30403	90
3344	99
6221	22
6601	66
12514	30
22564	6
21540	58
25340	93
18745	53
30919	72
23901	60
27380	12
19242	97
10704	62
7342	55
18514	88
692	74
12447	92
17856	84
19756	93
17840	0
29634	69
776	38
14036	92
31049	20
14053	7
13287	31
28908	48
4028	34
10238	67
6405	98
14249	50
31313	48
10681	84
2794	50
9575	21
19353	63
1825	67
5853	17
30573	70
1513	64
31888	70
7681	72
5633	49
21014	90
16856	19
21164	9
11183	74
6769	93
434	69
12298	80
22485	31
17925	62
27238	44
18419	53
18546	26
4111	57
17339	46
776	42
18224	43
14270	79
13857	5
12051	80
1454	85
1067	85
12060	70
30624	6
13586	57
22683	6
3828	21
9431	60
13519	87
21747	81
2970	42
15516	33
25778	98
15995	79
29916	44
25065	81
26163	66
11478	86
17868	83
3690	68
22777	84
14145	35
12140	74
602	24
24237	46
7691	25
2206	6
1692	72
29188	17
11348	92
20299	7
23836	7
23814	27
19978	87
9938	36
31592	53
23204	82
5663	11
32691	10
27529	23
12153	6
12559	7
21628	37
28455	84
17887	48
32657	13
10226	83
16604	3
6453	86
21916	51
12419	78
4056	21
31854	3
6556	74
23787	3
4533	35
2013	78
16373	32
7717	20
18076	51
14911	54
24248	12
8853	97
19352	83
6409	55
21924	78
28274	49
22329	8
23539	19
18015	60
32120	19
15468	20
28612	15
22773	30
22990	70
3993	87
23647	83
2192	58
21556	34
18942	7
23054	92
29817	39
18801	69
1867	27
8717	29
29007	72
8444	18
14718	44
18010	28
22149	54
28905	33
28415	64
7355	89
17441	16
29461	86
1790	16
2319	52
23730	61
14228	28
28684	15
13016	39
12178	89
16474	29
19704	85
29192	99
20317	14
29225	73
7147	20
32524	86
20657	78
1722	60
15303	68
12822	55
11558	20
27694	29
27579	43
23982	4
18064	55
15798	36
8490	88
4219	85
1651	46
16769	17
20414	38
19022	55
21959	5
6117	14
32711	61
28783	90
26861	21
2001	42
20184	100
3371	2
7152	26
5234	54
13988	26
9885	79
23295	18
18468	90
13845	43
14524	56
21290	43
24730	43
14510	5
7845	99
26460	92
18513	100
22562	37
30505	77
9624	67
2353	11
21556	75
20633	48
14456	57
9349	33
23760	52
10193	48
4322	27
31773	80
2666	8
1666	59
17419	36
14528	8
8342	43
19652	41
22961	84
22999	0
30441	13
29147	44
1683	81
23127	21
9230	27
18504	85
3893	35
5870	42
18219	49
4370	56
20177	42
24946	81
2933	61
27222	52
7840	18
28038	47
16914	67
25868	55
6474	72
653	82
11822	27
19996	67
30378	100
7891	5
24416	96
30368	47
31686	6
30713	21
13886	55
1914	79
15117	64
1185	99
28478	97
11289	40
8402	7
31578	99
20431	58
8327	7
2056	40
29390	42
20919	47
28343	72
21311	41
3881	100
26799	79
26380	25
17886	68
26828	25
15932	13
8236	12
6562	86
6194	5
32720	26
2566	100
3159	88
4897	4
6944	64
24609	85
25044	70
18197	14
1223	11
1831	85
5692	24
7401	96
25883	40
8625	32
15474	9
20934	94
